1	 13	 63	 16183	
80	 7	 39	 6720	
3	 19	 81	 16523	
2	 4	 37	 5125	
77	 17	 85	 6376	
88	 18	 38	 15761	
87	 4	 71	 11009	
75	 10	 8	 4016	
77	 7	 51	 3430	
89	 12	 63	 14867	
79	 4	 77	 4596	
90	 3	 37	 1377	
84	 3	 36	 14265	
78	 3	 83	 17011	
2	 4	 74	 16453	
74	 18	 51	 17330	
81	 3	 3	 7001	
74	 5	 62	 2357	
89	 8	 35	 16954	
77	 17	 77	 9723	
5	 5	 74	 12227	
4	 17	 83	 16262	
5	 7	 50	 3608	
75	 19	 4	 7444	
91	 4	 78	 851	
79	 3	 68	 10601	
74	 3	 1	 9752	
87	 4	 39	 3933	
90	 4	 68	 14710	
77	 4	 1	 2168	
1	 12	 64	 5485	
82	 3	 70	 3530	
75	 5	 61	 122	
1	 3	 71	 9784	
88	 4	 0	 9267	
86	 3	 81	 8265	
77	 15	 23	 2494	
89	 19	 51	 6919	
78	 16	 73	 1345	
77	 17	 86	 14011	
83	 3	 79	 11829	
89	 17	 4	 1097	
84	 19	 3	 1574	
74	 17	 17	 1967	
74	 4	 4	 2074	
76	 4	 31	 15153	
87	 18	 47	 12449	
84	 4	 76	 14166	
1	 12	 64	 8542	
76	 17	 81	 1757	
83	 7	 40	 3527	
81	 16	 68	 387	
83	 19	 3	 8272	
5	 9	 19	 10476	
79	 3	 41	 12014	
89	 16	 67	 9640	
81	 14	 58	 16099	
79	 16	 73	 8873	
3	 4	 31	 17055	
78	 2	 29	 2474	
89	 19	 75	 17486	
86	 1	 10	 553	
5	 19	 90	 17406	
0	 19	 89	 12451	
79	 17	 5	 9518	
0	 4	 32	 9620	
0	 15	 20	 16839	
77	 3	 78	 9998	
2	 5	 65	 18101	
74	 17	 74	 4709	
78	 4	 67	 14286	
82	 4	 52	 6623	
86	 4	 80	 1200	
80	 19	 75	 4882	
76	 4	 87	 16414	
78	 3	 3	 15978	
75	 4	 49	 6937	
3	 5	 3	 4529	
76	 17	 1	 5206	
5	 4	 48	 17612	
4	 6	 35	 6285	
75	 3	 41	 5468	
84	 12	 64	 18037	
82	 9	 20	 16093	
4	 17	 80	 752	
1	 19	 77	 7987	
81	 17	 1	 2440	
86	 9	 12	 13776	
77	 10	 10	 17744	
1	 5	 81	 10176	
80	 4	 85	 1587	
77	 4	 89	 3525	
77	 19	 75	 6608	
88	 19	 76	 2293	
90	 18	 42	 911	
78	 5	 88	 13320	
86	 16	 67	 9494	
80	 15	 34	 6716	
86	 12	 65	 9313	
85	 16	 69	 8619	
88	 2	 25	 7880	
2	 15	 30	 4668	
75	 3	 80	 15234	
83	 4	 79	 11884	
78	 4	 41	 13549	
89	 3	 49	 3101	
74	 4	 35	 15082	
81	 16	 69	 8389	
77	 3	 40	 13107	
86	 19	 78	 13108	
74	 5	 83	 9833	
81	 16	 71	 11091	
90	 17	 75	 12675	
87	 17	 14	 3170	
78	 18	 46	 353	
3	 17	 87	 13412	
74	 4	 91	 5917	
84	 17	 22	 11638	
87	 9	 23	 7261	
4	 19	 84	 10973	
5	 18	 53	 9552	
1	 5	 90	 7001	
74	 9	 15	 11381	
82	 3	 91	 8312	
91	 4	 2	 9129	
78	 11	 42	 10034	
3	 9	 14	 4094	
80	 19	 49	 8439	
82	 15	 33	 15176	
82	 17	 15	 3031	
74	 4	 90	 17446	
77	 0	 14	 16904	
89	 4	 81	 17384	
83	 6	 32	 9989	
88	 19	 77	 10837	
74	 17	 12	 10610	
80	 15	 32	 3180	
74	 19	 74	 15982	
79	 17	 82	 9777	
76	 4	 37	 10401	
74	 13	 64	 8069	
5	 3	 35	 962	
89	 3	 5	 10239	
3	 17	 75	 17814	
84	 17	 76	 1982	
0	 17	 3	 12362	
87	 18	 38	 6469	
91	 8	 35	 1735	
90	 5	 79	 4790	
4	 3	 89	 15924	
4	 19	 80	 4578	
2	 1	 10	 6341	
3	 3	 52	 2961	
0	 3	 75	 14225	
2	 16	 67	 18052	
2	 17	 3	 14145	
90	 9	 21	 2120	
78	 13	 61	 1503	
5	 17	 87	 6883	
89	 15	 20	 2853	
86	 16	 66	 3666	
89	 5	 75	 14085	
77	 5	 84	 221	
75	 12	 60	 12127	
1	 17	 2	 8781	
88	 7	 53	 3782	
88	 18	 52	 1032	
76	 17	 3	 4705	
77	 5	 4	 4073	
81	 17	 78	 13937	
77	 14	 56	 11253	
75	 4	 81	 8443	
3	 18	 41	 8555	
3	 0	 20	 3449	
81	 16	 71	 6979	
82	 4	 68	 10460	
82	 4	 85	 526	
4	 15	 15	 7894	
86	 6	 33	 9797	
3	 5	 83	 11002	
3	 15	 70	 6991	
84	 8	 31	 1161	
82	 11	 43	 1932	
88	 12	 64	 3808	
88	 3	 67	 14682	
91	 17	 13	 8073	
81	 4	 69	 1117	
88	 14	 39	 7424	
89	 3	 2	 16958	
83	 3	 35	 5694	
3	 4	 72	 10403	
81	 15	 70	 900	
89	 5	 86	 11322	
83	 18	 47	 16685	
83	 3	 78	 5403	
5	 4	 70	 2432	
89	 17	 6	 11824	
87	 18	 48	 15321	
84	 12	 60	 17453	
80	 18	 38	 7157	
87	 15	 17	 9990	
4	 4	 34	 16021	
85	 18	 52	 9524	
3	 5	 90	 5432	
81	 17	 16	 6399	
79	 12	 61	 17261	
3	 18	 64	 10946	
76	 4	 33	 14287	
86	 15	 15	 2284	
2	 7	 37	 4712	
78	 5	 5	 9658	
83	 4	 89	 7439	
86	 4	 66	 6098	
79	 8	 31	 10047	
80	 9	 22	 16742	
88	 17	 18	 2894	
87	 7	 52	 13864	
74	 17	 78	 15045	
79	 3	 3	 17799	
1	 17	 4	 2644	
4	 5	 60	 16032	
2	 3	 1	 3480	
4	 5	 88	 11901	
87	 9	 22	 13860	
82	 4	 33	 10681	
81	 18	 49	 1660	
1	 3	 69	 5030	
4	 3	 40	 11300	
87	 0	 14	 2333	
0	 4	 77	 7603	
1	 0	 22	 15384	
82	 4	 79	 14273	
4	 15	 73	 12443	
2	 4	 30	 7782	
4	 3	 86	 11210	
88	 7	 50	 8216	
87	 17	 19	 3578	
84	 4	 76	 18171	
85	 1	 9	 8576	
3	 2	 25	 10498	
78	 0	 22	 8682	
88	 4	 84	 6371	
89	 3	 68	 2087	
0	 11	 46	 13030	
77	 3	 78	 5967	
82	 0	 16	 6719	
76	 17	 1	 7562	
77	 19	 2	 13209	
76	 14	 39	 3057	
4	 15	 32	 15169	
0	 18	 65	 11547	
78	 15	 70	 10873	
80	 5	 63	 10320	
91	 0	 19	 18141	
79	 0	 14	 5712	
85	 12	 65	 17670	
76	 5	 78	 12029	
90	 15	 17	 4493	
86	 17	 23	 5486	
86	 18	 63	 11158	
81	 4	 50	 970	
4	 15	 31	 15515	
3	 5	 83	 7142	
1	 7	 49	 8927	
4	 2	 25	 13842	
74	 17	 14	 12250	
77	 4	 49	 1840	
4	 17	 11	 16210	
89	 5	 88	 14141	
87	 4	 90	 2958	
78	 3	 86	 2577	
79	 3	 72	 8803	
2	 19	 80	 9715	
82	 17	 6	 1131	
4	 19	 85	 14247	
4	 4	 48	 11881	
79	 1	 9	 15543	
79	 5	 3	 15650	
81	 13	 61	 10667	
74	 3	 34	 16241	
86	 5	 87	 14559	
84	 3	 71	 11464	
87	 0	 23	 2020	
82	 14	 57	 14151	
5	 7	 39	 12062	
79	 17	 12	 15240	
85	 4	 77	 17906	
5	 3	 3	 10681	
75	 17	 18	 1247	
90	 4	 70	 14923	
77	 15	 13	 14685	
81	 14	 59	 14312	
88	 10	 6	 7438	
87	 19	 4	 13057	
1	 9	 21	 11680	
5	 17	 81	 10591	
89	 5	 80	 12679	
74	 0	 13	 9143	
84	 3	 1	 903	
87	 4	 90	 5597	
76	 19	 4	 12525	
79	 14	 41	 78	
87	 0	 23	 15514	
88	 5	 2	 8972	
87	 17	 91	 4705	
87	 19	 82	 17907	
1	 15	 23	 9885	
1	 3	 68	 279	
80	 5	 89	 9140	
77	 4	 86	 8919	
79	 3	 91	 2071	
76	 3	 89	 9835	
77	 5	 65	 4499	
75	 17	 11	 6348	
89	 5	 81	 13459	
5	 9	 12	 16032	
81	 4	 3	 9442	
89	 18	 40	 4183	
2	 14	 59	 16350	
86	 3	 2	 11757	
84	 1	 7	 14479	
86	 7	 39	 5868	
84	 19	 53	 11138	
79	 4	 39	 2876	
76	 15	 33	 13455	
0	 5	 3	 855	
77	 4	 81	 2238	
74	 5	 86	 15295	
83	 16	 71	 7324	
87	 19	 51	 5707	
80	 17	 13	 4354	
78	 19	 50	 7678	
83	 4	 84	 8822	
90	 19	 81	 11906	
75	 17	 8	 17778	
78	 3	 41	 11879	
82	 19	 85	 17583	
76	 5	 87	 7386	
91	 17	 23	 14674	
87	 4	 33	 16746	
79	 15	 21	 6170	
80	 3	 0	 15353	
3	 3	 77	 8151	
2	 17	 5	 11077	
85	 4	 1	 4944	
78	 5	 87	 15163	
5	 16	 69	 13977	
81	 14	 39	 726	
3	 7	 40	 17813	
83	 3	 76	 18059	
75	 19	 78	 8928	
83	 3	 30	 14563	
81	 3	 36	 9225	
3	 17	 12	 17589	
1	 17	 78	 6922	
79	 4	 70	 794	
90	 0	 13	 14619	
89	 0	 14	 12482	
2	 18	 63	 16522	
80	 17	 20	 3800	
82	 4	 31	 6902	
75	 17	 87	 12513	
80	 17	 79	 1495	
77	 18	 60	 17474	
4	 3	 77	 17374	
78	 9	 13	 1031	
1	 4	 3	 2995	
5	 4	 67	 4083	
88	 9	 17	 10873	
90	 2	 26	 4933	
80	 4	 84	 11571	
75	 5	 89	 2410	
4	 4	 30	 10136	
84	 15	 20	 3526	
79	 5	 77	 12224	
81	 4	 32	 4693	
0	 10	 9	 17100	
2	 4	 34	 6040	
89	 7	 52	 16676	
77	 4	 49	 16234	
81	 18	 39	 6960	
81	 13	 63	 11994	
3	 3	 75	 1	
81	 19	 81	 5268	
3	 17	 84	 7441	
5	 3	 68	 1874	
82	 3	 67	 1070	
4	 3	 3	 2024	
77	 7	 38	 2371	
74	 4	 31	 3571	
5	 15	 13	 14980	
0	 15	 18	 13381	
88	 18	 52	 10976	
91	 5	 84	 11421	
75	 16	 69	 14256	
91	 13	 61	 10600	
82	 17	 1	 14219	
0	 19	 49	 17548	
80	 18	 43	 17062	
2	 19	 90	 1252	
1	 6	 32	 11807	
90	 14	 54	 10292	
75	 3	 67	 11313	
90	 4	 84	 4708	
81	 19	 74	 12743	
90	 19	 75	 16430	
88	 11	 44	 7344	
86	 9	 21	 2724	
89	 3	 90	 5910	
0	 13	 63	 547	
88	 18	 40	 13802	
80	 4	 39	 17452	
82	 19	 86	 9937	
86	 4	 84	 5769	
90	 3	 48	 15192	
2	 7	 36	 5257	
78	 5	 62	 3860	
86	 18	 65	 7449	
79	 17	 1	 10946	
82	 0	 18	 6729	
3	 5	 2	 6009	
5	 5	 81	 5325	
83	 16	 72	 9444	
77	 15	 14	 2017	
88	 4	 80	 16371	
74	 11	 46	 16134	
89	 3	 77	 4532	
91	 2	 28	 12035	
86	 9	 16	 11395	
85	 15	 12	 15683	
1	 4	 67	 2072	
3	 7	 37	 3674	
4	 16	 71	 2827	
82	 5	 76	 13621	
80	 16	 68	 15995	
83	 17	 0	 17033	
89	 10	 11	 5153	
91	 2	 26	 13248	
2	 18	 39	 4952	
91	 19	 82	 16263	
77	 3	 78	 11040	
91	 4	 3	 1376	
75	 5	 63	 12937	
78	 3	 50	 657	
86	 2	 25	 15655	
79	 8	 35	 4935	
87	 19	 88	 695	
0	 18	 40	 6242	
86	 4	 0	 6884	
86	 19	 86	 4233	
80	 18	 49	 11174	
81	 14	 39	 15219	
79	 17	 16	 15686	
3	 14	 58	 2848	
2	 2	 26	 10058	
90	 14	 57	 607	
84	 4	 32	 12957	
85	 3	 84	 4795	
81	 10	 11	 9637	
87	 18	 43	 6895	
85	 17	 81	 12106	
80	 4	 38	 559	
75	 3	 0	 1478	
82	 17	 91	 2671	
88	 19	 77	 11969	
90	 3	 73	 7856	
82	 4	 71	 187	
78	 4	 73	 3785	
0	 5	 74	 3034	
84	 11	 47	 5469	
77	 18	 38	 207	
81	 16	 66	 2045	
75	 3	 52	 3780	
1	 4	 86	 1648	
85	 4	 88	 10960	
78	 4	 2	 7734	
85	 12	 62	 8344	
75	 5	 76	 9922	
91	 19	 53	 2562	
77	 11	 45	 8949	
5	 10	 9	 248	
5	 12	 60	 5497	
5	 17	 2	 11485	
80	 19	 91	 14231	
74	 15	 22	 17209	
90	 5	 90	 1408	
2	 17	 1	 14705	
75	 3	 77	 14699	
89	 17	 8	 6566	
4	 3	 53	 17436	
80	 4	 66	 11893	
2	 7	 50	 11116	
74	 0	 22	 10887	
77	 18	 40	 2696	
83	 18	 43	 3757	
0	 3	 66	 9090	
83	 17	 13	 6992	
0	 14	 38	 12341	
84	 19	 53	 11402	
83	 4	 33	 13513	
1	 5	 61	 1604	
78	 0	 14	 4860	
0	 3	 69	 16763	
74	 4	 73	 15906	
77	 18	 44	 14761	
5	 18	 43	 10686	
87	 4	 88	 16500	
74	 17	 4	 2879	
89	 11	 42	 1541	
84	 13	 61	 16869	
79	 17	 76	 3848	
4	 5	 85	 11433	
82	 3	 3	 7335	
86	 10	 11	 11100	
1	 6	 30	 2677	
83	 4	 68	 1510	
75	 15	 14	 8941	
2	 5	 89	 4031	
88	 5	 86	 16187	
84	 4	 76	 12619	
4	 0	 12	 4647	
81	 19	 52	 14867	
86	 3	 80	 16727	
84	 17	 79	 14655	
86	 17	 2	 18249	
75	 15	 70	 300	
1	 0	 13	 18252	
79	 15	 70	 9542	
86	 14	 37	 4629	
82	 9	 12	 11710	
0	 14	 56	 5024	
3	 17	 74	 17483	
87	 9	 14	 13753	
80	 7	 49	 17697	
90	 15	 67	 15827	
82	 0	 22	 950	
2	 17	 88	 16432	
87	 3	 35	 13206	
77	 19	 4	 6647	
83	 4	 73	 12723	
82	 15	 20	 3715	
3	 19	 0	 4931	
79	 18	 46	 731	
83	 17	 91	 7610	
82	 11	 47	 9290	
77	 9	 16	 3559	
83	 3	 77	 5041	
81	 18	 62	 6025	
5	 15	 70	 12262	
86	 1	 10	 16395	
75	 0	 14	 8187	
87	 5	 76	 14407	
85	 9	 15	 1295	
1	 6	 30	 15172	
76	 3	 86	 14898	
81	 9	 20	 7205	
83	 10	 10	 12195	
0	 9	 12	 5333	
86	 7	 36	 12492	
78	 1	 6	 15160	
3	 3	 84	 17476	
91	 16	 70	 10372	
1	 11	 43	 16948	
91	 4	 79	 9323	
76	 3	 75	 10546	
3	 13	 63	 9661	
79	 5	 63	 15246	
87	 3	 86	 12519	
82	 0	 22	 37	
75	 6	 33	 10685	
87	 17	 20	 9136	
3	 15	 13	 9808	
76	 10	 10	 5761	
74	 4	 33	 11587	
84	 3	 91	 18113	
79	 19	 78	 6888	
78	 17	 16	 66	
82	 4	 82	 10939	
82	 17	 88	 17553	
78	 14	 59	 5158	
79	 14	 59	 14532	
91	 0	 18	 8162	
74	 15	 21	 5300	
85	 14	 57	 15165	
76	 17	 19	 10948	
78	 4	 67	 5056	
89	 18	 52	 9834	
0	 3	 49	 11756	
85	 10	 10	 10809	
79	 4	 3	 6316	
1	 17	 86	 9342	
82	 15	 34	 1443	
89	 15	 69	 6106	
86	 4	 5	 17766	
86	 16	 66	 10767	
81	 3	 80	 17348	
88	 2	 24	 18203	
74	 5	 87	 13794	
75	 19	 75	 3817	
91	 19	 4	 7514	
76	 4	 88	 15712	
85	 17	 12	 8123	
4	 13	 63	 11839	
76	 5	 79	 7750	
5	 19	 78	 5111	
74	 19	 83	 1622	
80	 16	 73	 14937	
82	 18	 61	 10165	
81	 4	 83	 4993	
79	 17	 13	 2359	
86	 6	 30	 15245	
0	 4	 34	 13793	
86	 15	 20	 8965	
0	 15	 30	 5561	
5	 17	 86	 14662	
90	 1	 9	 6583	
74	 9	 16	 13581	
77	 16	 68	 15741	
1	 17	 6	 4991	
78	 15	 66	 7923	
77	 18	 63	 9523	
5	 15	 30	 10933	
91	 16	 68	 13309	
87	 7	 48	 15200	
91	 5	 77	 11788	
91	 8	 33	 2187	
88	 15	 14	 3858	
1	 7	 53	 11521	
78	 3	 68	 1007	
91	 12	 63	 2439	
82	 19	 51	 3569	
91	 3	 81	 1248	
2	 10	 7	 15863	
4	 14	 59	 7400	
78	 15	 12	 11574	
81	 17	 0	 10942	
81	 3	 74	 9986	
4	 3	 67	 4711	
79	 18	 63	 8354	
5	 17	 19	 8508	
3	 18	 51	 1800	
81	 14	 38	 8797	
78	 18	 52	 13605	
80	 15	 19	 13237	
79	 5	 81	 9719	
82	 8	 35	 11207	
74	 17	 88	 11176	
80	 5	 88	 10487	
87	 4	 85	 6666	
0	 3	 75	 11220	
74	 3	 49	 7626	
83	 4	 80	 1495	
85	 3	 67	 3003	
83	 16	 70	 10085	
84	 3	 80	 8497	
88	 16	 73	 318	
90	 3	 41	 15570	
2	 19	 3	 12050	
87	 3	 68	 9227	
86	 4	 90	 3654	
78	 3	 70	 13345	
83	 0	 23	 3383	
3	 8	 34	 13206	
4	 17	 90	 13447	
3	 3	 4	 8528	
1	 14	 38	 14704	
91	 5	 85	 18080	
76	 11	 45	 10477	
83	 0	 21	 10350	
74	 4	 74	 3862	
75	 16	 73	 11447	
0	 4	 79	 13063	
79	 14	 54	 16462	
5	 19	 49	 13641	
86	 15	 72	 9079	
5	 15	 32	 7567	
88	 4	 75	 7444	
88	 19	 91	 8535	
78	 6	 31	 3682	
91	 4	 88	 4050	
80	 3	 5	 11733	
88	 3	 68	 6302	
78	 11	 44	 13024	
88	 15	 33	 138	
88	 4	 75	 10509	
82	 3	 51	 9912	
4	 5	 64	 5396	
1	 3	 33	 253	
88	 4	 76	 10460	
77	 4	 68	 13500	
1	 6	 32	 3497	
84	 15	 33	 16974	
79	 12	 62	 10272	
3	 4	 69	 7368	
79	 17	 18	 6261	
83	 3	 3	 13468	
74	 10	 10	 11419	
91	 3	 67	 7165	
3	 4	 67	 17444	
5	 4	 90	 13512	
85	 5	 81	 18088	
78	 14	 54	 6298	
4	 3	 77	 15940	
85	 1	 7	 9333	
78	 3	 68	 6607	
86	 15	 17	 17931	
80	 5	 64	 6769	
2	 0	 17	 5827	
0	 12	 62	 198	
74	 3	 85	 6604	
89	 3	 5	 5735	
1	 6	 30	 1401	
2	 17	 83	 12160	
78	 13	 65	 7767	
78	 9	 23	 7955	
1	 15	 22	 9627	
89	 19	 4	 13841	
87	 15	 30	 10313	
82	 4	 90	 8326	
86	 4	 85	 3235	
77	 15	 73	 16333	
4	 19	 0	 18150	
79	 18	 64	 6158	
90	 19	 89	 11149	
3	 18	 65	 15878	
85	 11	 45	 3481	
74	 1	 6	 11121	
77	 4	 87	 10479	
75	 5	 88	 10890	
83	 15	 13	 16251	
87	 3	 53	 9294	
76	 3	 88	 1489	
88	 5	 88	 11918	
3	 4	 66	 4885	
80	 14	 57	 4655	
91	 19	 53	 17101	
5	 14	 55	 3014	
87	 4	 73	 11019	
88	 17	 81	 14270	
90	 18	 42	 4529	
75	 2	 29	 9266	
78	 4	 87	 18225	
84	 3	 49	 11509	
3	 17	 23	 12085	
79	 7	 40	 15494	
80	 14	 37	 17320	
0	 17	 21	 5778	
76	 17	 11	 11463	
81	 3	 34	 7409	
84	 4	 72	 18227	
3	 3	 0	 12593	
83	 9	 15	 13095	
77	 17	 84	 8877	
75	 3	 0	 14386	
77	 3	 53	 13911	
78	 4	 35	 7647	
89	 17	 84	 17866	
83	 19	 1	 8300	
79	 0	 19	 16625	
78	 16	 68	 10684	
0	 17	 0	 8630	
75	 17	 85	 16358	
84	 9	 22	 1140	
0	 4	 5	 11166	
0	 19	 4	 11015	
86	 4	 90	 8586	
80	 18	 39	 5598	
83	 3	 34	 339	
2	 17	 82	 17055	
78	 18	 42	 13635	
80	 17	 85	 2883	
89	 18	 50	 3999	
4	 7	 51	 12488	
1	 15	 14	 7260	
76	 14	 56	 17269	
81	 17	 11	 9794	
3	 3	 78	 2494	
89	 3	 86	 3222	
76	 4	 39	 5989	
3	 14	 40	 15014	
84	 9	 22	 15921	
80	 5	 75	 10704	
83	 15	 18	 1707	
75	 17	 85	 17655	
85	 14	 58	 3352	
88	 18	 40	 7883	
1	 13	 65	 13909	
80	 14	 56	 5707	
88	 3	 49	 3603	
1	 19	 74	 1256	
0	 17	 17	 17363	
77	 3	 31	 18213	
84	 15	 34	 148	
82	 17	 85	 14254	
77	 17	 6	 3203	
76	 4	 66	 3012	
91	 6	 33	 14816	
90	 19	 84	 7172	
81	 4	 35	 12399	
2	 18	 60	 14493	
82	 15	 70	 7307	
91	 15	 17	 8054	
86	 19	 48	 12089	
0	 4	 70	 4103	
90	 14	 38	 2810	
78	 18	 44	 39	
5	 5	 77	 978	
81	 4	 67	 11570	
80	 5	 82	 9518	
84	 10	 10	 13692	
86	 7	 52	 16009	
4	 18	 38	 1586	
4	 19	 76	 3613	
0	 10	 7	 16891	
83	 19	 82	 11515	
84	 4	 89	 5732	
78	 4	 40	 6094	
75	 17	 19	 17101	
78	 18	 36	 7155	
84	 19	 86	 11042	
83	 4	 88	 2650	
83	 5	 76	 4615	
0	 17	 82	 13227	
89	 4	 50	 6738	
83	 10	 9	 15554	
91	 5	 1	 7188	
75	 4	 52	 17621	
90	 15	 19	 5561	
0	 15	 35	 12008	
2	 10	 6	 3432	
76	 5	 85	 3559	
4	 3	 81	 5917	
84	 3	 49	 3787	
4	 14	 59	 13788	
80	 17	 78	 16221	
84	 15	 22	 10972	
89	 4	 68	 4385	
86	 9	 18	 9759	
79	 2	 26	 10439	
74	 4	 52	 2623	
77	 5	 60	 5622	
3	 14	 37	 9203	
79	 3	 66	 13969	
90	 9	 14	 6288	
79	 5	 75	 14449	
86	 9	 16	 14468	
82	 3	 68	 15309	
79	 9	 22	 1364	
77	 7	 50	 7962	
3	 5	 79	 6962	
76	 10	 9	 801	
76	 15	 15	 16385	
79	 3	 0	 11647	
5	 3	 91	 1557	
78	 4	 36	 5796	
85	 3	 87	 1710	
76	 13	 60	 5772	
85	 19	 48	 8221	
80	 17	 75	 799	
79	 7	 39	 7207	
86	 17	 74	 687	
78	 6	 34	 17472	
88	 3	 34	 4156	
91	 15	 13	 10581	
78	 18	 39	 13853	
85	 7	 49	 782	
5	 19	 86	 5717	
0	 18	 48	 9716	
88	 10	 8	 9689	
83	 17	 79	 16644	
76	 5	 83	 11577	
78	 14	 40	 18139	
3	 18	 42	 6469	
78	 19	 52	 16948	
1	 12	 60	 5335	
82	 5	 79	 8861	
3	 19	 2	 13630	
78	 3	 40	 11222	
91	 3	 3	 12491	
81	 13	 61	 10345	
83	 14	 59	 16373	
88	 14	 57	 2879	
5	 5	 82	 15170	
88	 9	 13	 467	
74	 5	 79	 11177	
90	 10	 11	 15642	
81	 11	 42	 3584	
91	 9	 14	 18134	
82	 16	 73	 2961	
2	 4	 66	 13532	
74	 12	 60	 5504	
1	 16	 71	 14861	
84	 16	 72	 15056	
89	 17	 6	 7862	
80	 0	 19	 5751	
90	 4	 34	 5262	
88	 16	 71	 380	
83	 4	 35	 14236	
89	 18	 42	 5784	
79	 3	 84	 198	
91	 4	 0	 12478	
75	 17	 20	 15583	
90	 4	 68	 9456	
90	 5	 64	 15691	
2	 9	 19	 503	
2	 4	 72	 6067	
77	 5	 0	 2629	
76	 14	 58	 12289	
89	 4	 71	 6454	
89	 5	 5	 8325	
3	 0	 18	 12164	
77	 14	 38	 14669	
85	 19	 75	 14470	
3	 14	 54	 11240	
87	 4	 83	 7951	
0	 4	 78	 13297	
88	 0	 22	 15546	
75	 15	 31	 392	
75	 5	 86	 11334	
87	 5	 89	 12134	
2	 5	 1	 10299	
81	 7	 36	 15416	
85	 7	 40	 12326	
84	 18	 49	 2181	
89	 0	 19	 5009	
84	 19	 5	 3109	
1	 19	 91	 12445	
84	 2	 29	 13791	
80	 8	 35	 10074	
78	 17	 21	 448	
74	 5	 88	 3225	
82	 5	 79	 400	
0	 18	 45	 6668	
1	 17	 16	 4782	
0	 17	 13	 16913	
78	 14	 36	 10217	
85	 3	 52	 13050	
86	 4	 30	 3461	
87	 0	 18	 5800	
81	 19	 91	 2529	
90	 19	 2	 743	
83	 9	 18	 6966	
91	 14	 54	 13381	
88	 17	 1	 5149	
79	 0	 20	 12297	
4	 4	 89	 3263	
4	 15	 72	 3860	
91	 13	 60	 8462	
86	 15	 70	 965	
2	 7	 37	 6098	
2	 3	 5	 8018	
80	 11	 47	 10231	
75	 3	 91	 10491	
0	 18	 41	 13296	
91	 17	 91	 17259	
75	 3	 72	 16000	
90	 13	 64	 16945	
5	 5	 4	 16935	
77	 18	 46	 4113	
82	 4	 5	 9718	
1	 17	 2	 1954	
5	 3	 77	 9430	
91	 3	 35	 1235	
2	 17	 8	 11056	
74	 9	 21	 15984	
83	 17	 79	 4447	
77	 4	 50	 14029	
75	 19	 88	 1024	
4	 11	 46	 2319	
4	 12	 62	 3137	
80	 17	 1	 13023	
1	 17	 5	 10243	
87	 17	 3	 16268	
88	 17	 90	 11746	
89	 4	 0	 3719	
4	 19	 91	 11358	
85	 4	 66	 5163	
74	 3	 70	 7643	
0	 3	 90	 1111	
78	 17	 21	 3829	
86	 15	 14	 8372	
78	 4	 81	 14863	
91	 19	 78	 13226	
74	 9	 15	 7643	
75	 17	 1	 7082	
5	 3	 88	 14856	
76	 7	 49	 3797	
1	 8	 30	 15330	
78	 1	 9	 8867	
90	 17	 1	 3768	
91	 8	 30	 11345	
82	 4	 79	 15984	
91	 4	 87	 4056	
81	 5	 62	 929	
75	 14	 55	 1664	
77	 15	 31	 6429	
88	 17	 76	 10288	
76	 15	 73	 16272	
5	 15	 21	 287	
76	 3	 49	 10381	
3	 3	 32	 7797	
74	 6	 33	 10698	
75	 12	 63	 954	
5	 17	 91	 6888	
74	 3	 5	 6642	
2	 13	 63	 15169	
83	 3	 83	 16607	
5	 19	 2	 6213	
91	 15	 32	 3582	
77	 4	 1	 11696	
85	 4	 81	 1819	
82	 18	 50	 10914	
2	 4	 3	 14480	
86	 11	 43	 3337	
1	 0	 20	 6405	
76	 4	 75	 7174	
91	 0	 21	 11221	
79	 4	 40	 11278	
77	 17	 77	 17564	
83	 18	 64	 7252	
83	 13	 62	 9755	
89	 3	 72	 14091	
90	 18	 50	 12811	
88	 19	 78	 4939	
88	 15	 33	 8563	
91	 17	 79	 4890	
91	 17	 81	 6400	
81	 10	 10	 10011	
81	 5	 85	 14355	
90	 5	 83	 1037	
83	 17	 86	 2145	
88	 4	 73	 914	
75	 14	 41	 15578	
88	 17	 87	 17886	
89	 19	 4	 6336	
83	 4	 32	 15002	
77	 3	 53	 10940	
0	 14	 36	 877	
88	 19	 1	 1276	
2	 19	 89	 11911	
82	 4	 69	 12906	
81	 12	 65	 16197	
1	 17	 17	 11138	
82	 3	 84	 9365	
4	 4	 84	 15586	
80	 4	 86	 6288	
1	 3	 81	 16797	
86	 10	 8	 18260	
79	 19	 51	 8679	
88	 7	 48	 9874	
87	 14	 55	 11277	
74	 19	 81	 2287	
91	 18	 47	 9079	
4	 13	 63	 785	
5	 19	 84	 1961	
74	 16	 72	 8471	
89	 15	 17	 7	
1	 19	 78	 17157	
83	 4	 73	 360	
80	 4	 53	 3271	
90	 1	 7	 3353	
75	 9	 13	 9465	
3	 3	 73	 17876	
74	 4	 32	 16388	
83	 17	 7	 11918	
83	 12	 61	 1238	
77	 5	 77	 7045	
5	 4	 86	 5093	
87	 4	 84	 16510	
2	 5	 61	 13468	
74	 17	 5	 16014	
77	 19	 48	 1076	
78	 10	 11	 7237	
3	 17	 14	 8826	
81	 14	 39	 97	
79	 18	 39	 8414	
88	 17	 75	 7724	
79	 7	 40	 3904	
0	 7	 37	 7475	
90	 5	 82	 2933	
3	 15	 70	 11940	
79	 19	 83	 1651	
77	 17	 15	 7155	
77	 4	 2	 12719	
78	 4	 74	 11172	
74	 17	 14	 15995	
76	 18	 49	 15646	
77	 19	 1	 13332	
87	 3	 1	 7227	
3	 10	 8	 11737	
80	 18	 38	 2801	
84	 15	 33	 3132	
90	 6	 35	 8141	
83	 14	 58	 2691	
81	 15	 18	 16764	
80	 0	 16	 14495	
80	 7	 50	 17074	
83	 4	 85	 15478	
83	 18	 65	 13328	
91	 7	 37	 17583	
84	 12	 63	 8451	
77	 14	 39	 4994	
77	 19	 82	 1006	
5	 15	 22	 9806	
85	 3	 76	 9916	
83	 3	 39	 12751	
2	 5	 61	 8421	
77	 0	 21	 4535	
81	 18	 46	 1669	
80	 15	 12	 1015	
79	 3	 71	 4262	
86	 4	 66	 14613	
2	 18	 36	 12528	
74	 16	 68	 12996	
1	 3	 83	 12764	
91	 17	 87	 13750	
82	 13	 62	 2567	
3	 19	 83	 6633	
86	 15	 32	 10606	
77	 10	 8	 3493	
90	 17	 23	 14509	
5	 17	 79	 17883	
81	 19	 90	 3168	
4	 19	 88	 4350	
77	 9	 21	 13168	
78	 14	 57	 12677	
85	 5	 5	 12154	
87	 3	 74	 6632	
82	 14	 57	 16071	
0	 3	 72	 4643	
86	 4	 52	 11904	
77	 4	 78	 14080	
1	 14	 59	 9915	
83	 4	 69	 4781	
81	 19	 78	 9581	
5	 6	 32	 11552	
90	 18	 40	 16227	
83	 15	 15	 9414	
88	 3	 5	 15018	
89	 0	 16	 2999	
85	 7	 52	 4944	
75	 3	 52	 17259	
2	 19	 86	 1993	
80	 7	 37	 568	
3	 3	 1	 4843	
83	 17	 12	 8803	
81	 3	 84	 8096	
5	 3	 40	 9731	
87	 4	 66	 6269	
0	 4	 84	 1537	
2	 17	 22	 2019	
74	 17	 84	 9586	
3	 4	 30	 14837	
91	 4	 75	 4377	
89	 13	 64	 15226	
90	 11	 47	 1811	
2	 3	 53	 7401	
82	 18	 65	 6731	
2	 5	 0	 2787	
81	 0	 21	 7656	
85	 4	 87	 15938	
79	 4	 51	 4756	
81	 9	 17	 8949	
76	 18	 44	 12074	
82	 10	 6	 6864	
77	 17	 21	 16793	
2	 17	 2	 7343	
77	 17	 23	 7634	
83	 6	 33	 16601	
83	 19	 2	 3904	
85	 4	 33	 13462	
82	 3	 4	 11628	
2	 12	 63	 10779	
87	 13	 63	 7740	
87	 16	 73	 3428	
0	 5	 83	 15105	
79	 6	 32	 1739	
82	 7	 40	 1347	
0	 15	 30	 8415	
3	 8	 31	 2937	
89	 4	 90	 14755	
74	 19	 74	 16073	
83	 18	 64	 17891	
84	 5	 63	 7120	
90	 4	 86	 3037	
75	 19	 48	 9596	
74	 9	 12	 7696	
0	 17	 20	 11101	
82	 11	 43	 15081	
81	 17	 18	 15402	
1	 16	 68	 734	
85	 3	 34	 5067	
88	 3	 69	 1810	
4	 4	 32	 12861	
88	 4	 34	 6189	
86	 17	 91	 15237	
1	 3	 80	 6215	
83	 3	 49	 15847	
79	 4	 35	 13313	
77	 19	 53	 15936	
2	 1	 11	 16218	
89	 5	 65	 5357	
2	 15	 13	 17846	
90	 3	 73	 18186	
88	 3	 52	 17211	
81	 19	 51	 9595	
90	 19	 49	 6653	
4	 19	 88	 12647	
77	 19	 74	 7164	
83	 18	 49	 6724	
87	 19	 87	 12899	
90	 17	 20	 1872	
80	 7	 51	 15364	
77	 4	 86	 16843	
82	 19	 82	 6597	
82	 17	 3	 16518	
5	 4	 53	 14367	
4	 3	 82	 3968	
84	 3	 39	 17874	
81	 15	 20	 17502	
86	 5	 80	 11388	
3	 17	 10	 3503	
81	 3	 75	 1862	
76	 17	 13	 2605	
82	 15	 16	 3104	
82	 19	 49	 2421	
86	 4	 39	 16106	
87	 5	 90	 9370	
81	 5	 4	 8742	
85	 3	 72	 16400	
78	 15	 21	 6126	
77	 2	 25	 4376	
78	 11	 47	 8439	
81	 3	 52	 12979	
85	 19	 91	 11670	
89	 3	 84	 15702	
75	 15	 66	 10411	
81	 3	 52	 11982	
80	 8	 35	 16978	
74	 19	 90	 3160	
0	 3	 50	 7682	
79	 4	 38	 871	
77	 1	 7	 259	
5	 19	 85	 16254	
84	 3	 37	 6941	
2	 16	 72	 7226	
91	 18	 63	 16969	
87	 3	 50	 8998	
74	 19	 5	 3632	
86	 11	 47	 11519	
5	 17	 80	 13320	
85	 5	 88	 12524	
1	 3	 48	 3536	
5	 3	 79	 14703	
3	 2	 26	 11171	
84	 18	 39	 8980	
79	 8	 32	 1673	
83	 3	 70	 17260	
83	 16	 67	 5213	
89	 14	 37	 15370	
82	 19	 80	 17302	
2	 16	 67	 17073	
90	 15	 71	 953	
4	 7	 36	 14447	
85	 4	 51	 6503	
79	 0	 17	 9895	
2	 1	 6	 8457	
1	 4	 32	 11405	
83	 0	 16	 14409	
89	 16	 67	 9358	
90	 19	 51	 11038	
77	 5	 90	 12705	
81	 5	 88	 13174	
1	 17	 83	 3663	
74	 3	 32	 9538	
85	 18	 40	 14706	
82	 13	 64	 16597	
0	 14	 57	 15518	
84	 18	 60	 11868	
91	 18	 39	 6384	
74	 1	 11	 17660	
89	 16	 69	 10888	
77	 4	 3	 13285	
5	 4	 53	 2833	
5	 17	 91	 12098	
82	 19	 88	 8267	
78	 5	 65	 17414	
77	 18	 40	 13041	
88	 14	 36	 8387	
77	 16	 68	 16380	
84	 4	 68	 17929	
87	 18	 36	 15669	
86	 5	 85	 14520	
79	 16	 67	 10517	
84	 5	 74	 7385	
3	 17	 77	 7466	
84	 3	 70	 6053	
88	 5	 81	 17473	
88	 19	 2	 5589	
89	 19	 49	 1787	
80	 18	 40	 14060	
88	 3	 91	 11908	
3	 19	 1	 17763	
77	 5	 77	 14209	
79	 19	 49	 761	
88	 4	 67	 9105	
90	 0	 13	 4771	
3	 4	 77	 1860	
1	 17	 77	 8967	
81	 15	 13	 8355	
2	 3	 78	 17280	
81	 5	 4	 14732	
4	 18	 48	 1911	
90	 9	 14	 11504	
82	 0	 16	 3699	
80	 11	 44	 3305	
90	 17	 10	 11988	
78	 7	 37	 8907	
91	 15	 16	 638	
0	 6	 32	 6355	
89	 0	 14	 12860	
85	 18	 37	 6973	
4	 5	 77	 10889	
76	 17	 19	 13303	
81	 17	 91	 14029	
77	 4	 38	 16199	
76	 17	 19	 16009	
74	 5	 80	 7770	
84	 16	 70	 12209	
77	 18	 42	 5141	
0	 0	 17	 7058	
89	 4	 38	 9939	
87	 17	 6	 2106	
89	 19	 74	 11419	
86	 19	 88	 245	
77	 16	 73	 8809	
81	 4	 72	 6688	
87	 3	 34	 303	
80	 6	 33	 1980	
74	 17	 19	 9969	
83	 14	 57	 18071	
85	 15	 23	 4516	
81	 14	 37	 131	
83	 3	 79	 1723	
85	 17	 78	 4555	
84	 5	 90	 16008	
80	 9	 16	 6831	
91	 9	 21	 14805	
80	 17	 86	 14070	
5	 4	 2	 10828	
5	 18	 41	 1501	
79	 6	 32	 8328	
85	 17	 84	 16872	
80	 15	 12	 5264	
4	 17	 6	 2772	
2	 3	 67	 11910	
79	 15	 32	 13704	
80	 4	 3	 6018	
74	 3	 50	 16166	
3	 18	 45	 16189	
87	 18	 36	 2988	
83	 18	 43	 8561	
84	 3	 80	 17346	
1	 7	 41	 11583	
2	 17	 90	 1203	
80	 7	 49	 9240	
80	 19	 3	 6817	
86	 3	 36	 3185	
2	 3	 75	 16581	
0	 18	 60	 14882	
89	 17	 22	 14319	
89	 18	 51	 15521	
85	 3	 33	 7535	
90	 17	 20	 8868	
2	 17	 74	 14558	
77	 9	 22	 13300	
0	 8	 33	 16625	
91	 0	 20	 9275	
88	 4	 73	 14082	
88	 4	 82	 6858	
2	 15	 21	 13022	
80	 4	 48	 8684	
2	 7	 51	 10691	
2	 19	 82	 10652	
90	 3	 51	 15776	
76	 3	 33	 6640	
75	 2	 28	 3786	
83	 1	 6	 4833	
90	 3	 31	 13699	
90	 12	 60	 7329	
84	 5	 61	 5788	
90	 3	 81	 13101	
3	 9	 21	 5238	
78	 10	 6	 17273	
86	 16	 67	 13668	
2	 0	 19	 6625	
91	 3	 35	 15857	
77	 3	 85	 11768	
3	 17	 84	 5490	
83	 9	 15	 17885	
0	 17	 3	 6903	
82	 7	 53	 16901	
0	 0	 16	 283	
84	 5	 1	 2295	
0	 19	 74	 12317	
75	 15	 68	 688	
5	 17	 16	 2362	
4	 3	 68	 4721	
89	 19	 50	 12665	
80	 0	 17	 14952	
90	 9	 19	 3011	
74	 2	 26	 7306	
1	 13	 60	 16962	
86	 3	 81	 7296	
83	 17	 16	 10653	
3	 17	 87	 4710	
74	 4	 34	 13422	
76	 17	 1	 14213	
74	 14	 58	 7052	
3	 5	 74	 3934	
80	 7	 36	 7643	
88	 3	 38	 12074	
75	 4	 66	 5719	
78	 9	 21	 322	
89	 17	 7	 13719	
0	 4	 30	 800	
81	 3	 35	 2002	
77	 19	 77	 1907	
80	 18	 47	 2934	
79	 19	 88	 192	
89	 6	 34	 6391	
74	 7	 40	 7846	
90	 17	 81	 9831	
1	 17	 11	 4814	
81	 3	 51	 3807	
86	 3	 38	 8471	
3	 3	 40	 8792	
88	 4	 49	 8905	
89	 17	 12	 2592	
87	 0	 20	 11580	
90	 5	 85	 4089	
76	 15	 31	 2532	
1	 4	 67	 14294	
75	 6	 32	 3293	
80	 3	 39	 12827	
74	 17	 80	 2550	
88	 6	 30	 13686	
88	 4	 49	 1919	
79	 4	 78	 1168	
75	 10	 10	 972	
0	 7	 53	 8676	
5	 9	 23	 13070	
78	 15	 32	 16744	
0	 4	 3	 3510	
88	 15	 72	 12416	
74	 3	 68	 1686	
82	 17	 1	 6009	
82	 18	 47	 14234	
74	 17	 77	 5648	
90	 0	 16	 16864	
74	 3	 74	 196	
89	 17	 82	 6519	
80	 18	 42	 11582	
77	 19	 82	 2384	
88	 3	 70	 6674	
77	 19	 1	 14638	
1	 15	 19	 4800	
77	 14	 40	 15933	
1	 19	 84	 10426	
81	 17	 17	 7220	
75	 16	 66	 9342	
3	 17	 22	 11493	
84	 18	 48	 8810	
0	 8	 30	 14995	
80	 8	 31	 1749	
0	 3	 88	 8021	
83	 3	 69	 10846	
3	 4	 88	 9330	
84	 9	 23	 2809	
4	 19	 79	 13249	
78	 17	 11	 5540	
84	 18	 53	 12987	
5	 3	 48	 12	
0	 9	 21	 4331	
1	 13	 64	 11048	
76	 6	 32	 10733	
81	 15	 34	 9024	
87	 5	 80	 2819	
87	 3	 33	 17811	
5	 17	 23	 7216	
89	 3	 3	 8073	
91	 0	 15	 12483	
88	 3	 80	 10046	
91	 4	 84	 15423	
5	 9	 21	 7852	
87	 17	 12	 13149	
78	 18	 60	 16812	
90	 15	 14	 12908	
74	 6	 31	 9050	
89	 4	 82	 10718	
79	 15	 17	 11449	
91	 1	 9	 3263	
87	 19	 50	 8945	
0	 12	 61	 15637	
81	 4	 37	 15845	
79	 7	 53	 9049	
83	 3	 36	 13730	
85	 5	 4	 11975	
90	 4	 35	 7464	
83	 17	 18	 12753	
76	 4	 51	 11103	
81	 4	 67	 3720	
90	 5	 77	 1295	
78	 3	 36	 1527	
0	 9	 14	 1963	
87	 17	 20	 9801	
90	 19	 48	 7264	
4	 17	 15	 9215	
0	 11	 44	 17121	
87	 6	 35	 7924	
81	 3	 67	 16963	
89	 1	 6	 15104	
78	 13	 65	 17478	
78	 17	 82	 8368	
4	 2	 24	 17053	
0	 0	 13	 3643	
87	 18	 45	 16090	
80	 15	 34	 4281	
1	 17	 83	 2119	
2	 0	 22	 17935	
87	 16	 71	 4952	
4	 5	 60	 2899	
2	 19	 81	 18234	
84	 11	 42	 11856	
83	 4	 81	 14664	
85	 18	 61	 6317	
74	 3	 51	 3593	
3	 4	 91	 1795	
89	 17	 0	 17616	
3	 8	 33	 18085	
88	 4	 83	 788	
90	 15	 16	 6183	
81	 19	 2	 18172	
2	 4	 69	 17383	
81	 18	 47	 1836	
87	 4	 73	 7696	
81	 3	 37	 2586	
74	 18	 62	 5217	
1	 12	 63	 6888	
79	 3	 83	 17754	
81	 3	 88	 2207	
3	 5	 0	 8770	
5	 0	 13	 15543	
4	 6	 32	 862	
76	 16	 66	 4318	
4	 19	 53	 15604	
77	 14	 56	 17673	
76	 17	 84	 5828	
77	 17	 3	 9344	
77	 11	 46	 14786	
82	 5	 62	 7394	
4	 5	 80	 2158	
86	 18	 64	 9972	
80	 18	 52	 6093	
84	 17	 15	 13791	
3	 4	 78	 18029	
80	 7	 41	 3984	
0	 4	 31	 7787	
4	 17	 2	 9747	
79	 11	 42	 5186	
90	 7	 36	 2617	
89	 15	 33	 4331	
76	 3	 4	 7608	
90	 3	 33	 8451	
91	 7	 41	 17210	
87	 19	 5	 11067	
90	 3	 73	 3031	
74	 15	 21	 18224	
80	 3	 50	 12690	
84	 5	 74	 17783	
78	 4	 86	 2876	
89	 7	 52	 9289	
74	 18	 47	 8130	
83	 17	 11	 2817	
81	 4	 35	 8226	
4	 19	 88	 3345	
80	 17	 91	 3667	
1	 17	 11	 16287	
75	 5	 82	 7385	
87	 19	 51	 7033	
75	 7	 48	 13070	
86	 4	 33	 4908	
5	 19	 88	 2474	
1	 3	 52	 9979	
0	 2	 27	 13683	
84	 15	 34	 2577	
1	 1	 10	 10491	
82	 4	 40	 9993	
85	 12	 60	 12217	
79	 4	 4	 10536	
83	 17	 23	 10096	
78	 19	 86	 10430	
83	 13	 61	 15059	
83	 5	 77	 4302	
82	 3	 2	 14461	
0	 3	 32	 14250	
83	 7	 40	 13256	
0	 17	 4	 12170	
4	 15	 71	 7447	
0	 5	 90	 9200	
75	 17	 21	 14701	
4	 1	 8	 15115	
89	 19	 86	 14217	
75	 5	 85	 13968	
82	 0	 22	 12015	
2	 3	 70	 1210	
89	 15	 19	 13265	
86	 0	 14	 1390	
77	 5	 83	 11406	
75	 5	 60	 9311	
89	 3	 90	 9842	
80	 0	 22	 6475	
85	 15	 15	 14253	
1	 18	 47	 2898	
87	 0	 13	 6127	
79	 5	 61	 1355	
79	 4	 90	 6892	
74	 17	 17	 4645	
75	 17	 82	 9340	
91	 15	 19	 1674	
90	 5	 85	 16193	
88	 15	 15	 6434	
80	 17	 91	 12771	
0	 13	 64	 16826	
0	 3	 85	 6556	
84	 7	 51	 5175	
84	 3	 50	 1586	
74	 12	 62	 4642	
1	 4	 49	 6921	
91	 5	 64	 9920	
75	 17	 21	 8789	
77	 18	 61	 8720	
91	 3	 91	 6421	
78	 17	 14	 1203	
80	 15	 32	 15339	
77	 17	 13	 586	
80	 4	 2	 14714	
87	 5	 90	 14883	
74	 9	 18	 10568	
74	 17	 89	 17401	
82	 19	 86	 10956	
78	 17	 9	 13278	
0	 15	 72	 4752	
78	 4	 83	 16144	
90	 17	 80	 13518	
84	 9	 14	 18002	
87	 4	 90	 12759	
80	 18	 40	 5036	
85	 14	 56	 8474	
85	 4	 78	 17710	
77	 5	 87	 2243	
84	 19	 84	 15019	
82	 17	 8	 17388	
88	 5	 3	 7576	
3	 15	 32	 12571	
76	 18	 43	 16026	
2	 3	 78	 17047	
83	 11	 43	 12918	
85	 3	 3	 1160	
5	 17	 74	 10148	
83	 15	 33	 3770	
87	 4	 76	 11027	
2	 16	 68	 1231	
82	 3	 5	 7305	
91	 18	 61	 6239	
1	 3	 49	 8247	
82	 18	 38	 17080	
82	 13	 64	 10536	
82	 4	 87	 16409	
84	 14	 58	 1253	
77	 7	 52	 13245	
1	 3	 72	 14251	
84	 5	 76	 452	
85	 5	 64	 521	
74	 4	 33	 14854	
78	 17	 20	 8017	
74	 7	 41	 3884	
91	 14	 36	 3345	
82	 4	 81	 10462	
5	 18	 42	 952	
76	 17	 23	 924	
87	 5	 85	 14538	
90	 4	 53	 10417	
0	 3	 38	 14141	
90	 19	 90	 4210	
77	 19	 75	 9518	
90	 9	 19	 13707	
81	 9	 21	 5570	
4	 16	 66	 5585	
4	 19	 49	 12086	
3	 17	 0	 16752	
84	 9	 18	 659	
82	 9	 21	 5104	
5	 17	 82	 5702	
75	 3	 79	 13025	
5	 18	 52	 14566	
83	 18	 51	 10469	
77	 4	 48	 7060	
74	 14	 41	 16945	
78	 4	 32	 6820	
1	 3	 68	 7803	
87	 4	 70	 16211	
1	 14	 54	 2301	
3	 0	 14	 720	
79	 19	 78	 3225	
86	 19	 53	 5470	
80	 17	 14	 10130	
91	 0	 18	 455	
81	 4	 69	 3704	
75	 18	 52	 996	
91	 17	 12	 10934	
84	 15	 12	 2187	
80	 4	 52	 7052	
80	 3	 32	 148	
91	 19	 5	 16847	
77	 5	 83	 1975	
89	 19	 53	 11475	
74	 3	 79	 3400	
89	 10	 10	 13950	
82	 4	 90	 7374	
77	 4	 69	 7903	
75	 14	 41	 12469	
90	 9	 20	 5246	
87	 17	 20	 10889	
87	 17	 82	 1415	
91	 11	 42	 13153	
75	 17	 84	 14176	
1	 5	 64	 9830	
87	 5	 0	 9213	
3	 19	 50	 4278	
87	 5	 64	 6129	
85	 19	 49	 15105	
80	 4	 71	 5489	
79	 4	 78	 16321	
91	 17	 80	 15550	
75	 5	 1	 1264	
82	 5	 74	 10769	
76	 4	 75	 14436	
85	 18	 64	 5519	
82	 6	 34	 11219	
82	 7	 37	 14955	
87	 5	 0	 5178	
85	 4	 81	 11993	
77	 4	 70	 9078	
91	 15	 72	 7186	
80	 17	 82	 1265	
82	 4	 48	 5608	
4	 9	 19	 12888	
5	 1	 10	 737	
2	 5	 75	 8857	
4	 13	 64	 558	
85	 4	 77	 14320	
78	 17	 83	 3482	
3	 18	 46	 13680	
82	 17	 23	 8696	
88	 6	 33	 15006	
75	 3	 84	 4124	
85	 4	 51	 13789	
75	 4	 85	 13907	
76	 17	 1	 16936	
1	 3	 67	 14396	
1	 3	 32	 18039	
80	 3	 68	 13668	
3	 3	 5	 11290	
76	 18	 60	 6698	
74	 17	 18	 15132	
87	 4	 52	 18259	
75	 10	 6	 14156	
86	 3	 85	 15254	
87	 16	 67	 15483	
4	 5	 60	 13009	
91	 4	 36	 3108	
90	 17	 80	 11241	
2	 4	 90	 3048	
2	 12	 64	 12372	
82	 4	 75	 13669	
5	 3	 4	 12133	
82	 17	 17	 8799	
75	 18	 38	 2482	
5	 19	 81	 18182	
3	 3	 90	 460	
81	 17	 83	 7188	
84	 4	 0	 17902	
78	 14	 58	 5523	
4	 3	 76	 16045	
75	 14	 37	 16857	
79	 18	 45	 16834	
80	 13	 65	 5399	
74	 15	 15	 14379	
81	 15	 20	 9877	
74	 4	 34	 11456	
80	 3	 70	 2089	
0	 3	 68	 13431	
3	 3	 70	 17161	
3	 3	 71	 10167	
75	 19	 90	 9939	
82	 5	 1	 1911	
81	 5	 4	 9607	
83	 17	 19	 2211	
0	 3	 80	 6293	
5	 0	 20	 4939	
85	 0	 21	 15607	
80	 15	 30	 6859	
77	 12	 61	 11262	
89	 17	 85	 2265	
85	 5	 83	 10770	
82	 4	 87	 4140	
1	 17	 5	 16800	
86	 18	 64	 3959	
4	 5	 61	 9898	
79	 17	 16	 10613	
82	 3	 36	 9579	
76	 3	 48	 7983	
84	 14	 41	 8694	
84	 3	 33	 4227	
0	 18	 41	 17389	
76	 15	 72	 3091	
2	 4	 88	 676	
77	 4	 90	 16949	
75	 3	 88	 6701	
86	 18	 60	 8221	
0	 7	 38	 15205	
76	 3	 35	 6489	
2	 15	 34	 16617	
83	 18	 46	 7476	
0	 3	 91	 3101	
91	 14	 41	 16015	
89	 15	 12	 9560	
84	 19	 91	 11145	
0	 17	 1	 1339	
1	 18	 47	 9540	
79	 3	 38	 6581	
0	 5	 85	 16904	
1	 3	 86	 6966	
87	 17	 77	 16584	
89	 18	 36	 1585	
74	 2	 29	 9258	
3	 4	 72	 14802	
85	 3	 51	 13078	
82	 0	 18	 14974	
88	 15	 31	 14257	
0	 17	 83	 6060	
74	 5	 61	 5466	
85	 17	 78	 5102	
86	 4	 89	 16316	
79	 18	 60	 10575	
1	 19	 87	 10717	
79	 5	 5	 3667	
1	 6	 31	 9077	
89	 19	 90	 3778	
78	 4	 82	 16734	
5	 5	 3	 9222	
85	 16	 72	 18055	
80	 3	 82	 9451	
1	 4	 78	 5583	
80	 19	 1	 16237	
86	 2	 25	 17017	
3	 14	 57	 4462	
80	 15	 34	 826	
2	 5	 84	 14978	
76	 17	 11	 10568	
88	 15	 66	 6630	
90	 14	 54	 14861	
90	 3	 35	 8804	
0	 3	 5	 16481	
82	 17	 8	 11135	
91	 18	 44	 1235	
75	 15	 35	 4441	
0	 0	 18	 9324	
74	 4	 49	 5416	
4	 3	 73	 15825	
3	 3	 80	 2171	
81	 4	 0	 8003	
0	 14	 40	 3513	
77	 9	 12	 11380	
0	 3	 79	 9310	
75	 17	 81	 9298	
88	 3	 69	 6353	
77	 17	 1	 17695	
79	 4	 33	 12614	
85	 19	 74	 12892	
2	 3	 73	 17884	
76	 3	 71	 11099	
2	 15	 71	 2550	
89	 19	 87	 10826	
86	 6	 35	 10625	
1	 19	 86	 2779	
89	 7	 48	 2671	
89	 18	 61	 17969	
2	 0	 17	 6562	
86	 4	 90	 6927	
79	 4	 48	 13448	
89	 19	 5	 17685	
83	 3	 36	 15563	
89	 15	 31	 2397	
79	 5	 86	 15195	
91	 16	 67	 3957	
86	 1	 11	 5608	
1	 19	 2	 7315	
2	 14	 38	 2676	
1	 18	 37	 1596	
91	 17	 8	 339	
82	 19	 90	 12147	
5	 8	 33	 15620	
84	 5	 77	 4556	
82	 3	 90	 14177	
82	 4	 2	 4703	
87	 4	 78	 8317	
85	 15	 30	 15994	
81	 3	 32	 3356	
1	 3	 34	 13818	
0	 5	 4	 3518	
91	 7	 51	 9476	
76	 15	 12	 13262	
0	 5	 83	 4857	
0	 5	 90	 7485	
77	 3	 31	 8760	
85	 15	 13	 13402	
4	 14	 57	 14293	
0	 3	 50	 5243	
83	 19	 76	 10447	
76	 5	 74	 1962	
89	 0	 20	 12391	
1	 15	 16	 11125	
76	 18	 50	 16964	
86	 0	 21	 13732	
84	 13	 61	 1368	
85	 3	 68	 7893	
1	 4	 77	 3576	
83	 3	 52	 2447	
0	 15	 66	 7192	
1	 17	 86	 13838	
5	 16	 69	 5332	
90	 3	 74	 14488	
0	 5	 60	 9924	
1	 16	 72	 11916	
84	 8	 30	 6615	
87	 15	 12	 11127	
4	 7	 52	 3840	
86	 17	 89	 8789	
2	 3	 87	 15422	
79	 3	 30	 10566	
5	 18	 36	 9871	
89	 3	 77	 14622	
5	 5	 60	 3392	
78	 18	 64	 9205	
76	 0	 20	 3165	
88	 0	 13	 9518	
84	 0	 23	 6828	
2	 4	 90	 17319	
3	 15	 66	 49	
3	 19	 86	 16081	
83	 18	 45	 1530	
76	 0	 12	 655	
79	 14	 40	 10659	
2	 11	 47	 1712	
0	 19	 76	 12019	
81	 17	 86	 14916	
91	 3	 89	 10701	
85	 19	 0	 8846	
79	 19	 84	 13920	
76	 12	 64	 10244	
86	 3	 32	 15279	
80	 15	 15	 15457	
74	 11	 46	 9205	
76	 15	 17	 3406	
89	 17	 21	 9844	
84	 1	 7	 15791	
1	 4	 79	 17912	
88	 15	 30	 17027	
91	 5	 4	 3099	
2	 4	 35	 15811	
87	 4	 74	 13952	
90	 3	 87	 1522	
82	 4	 51	 11004	
77	 19	 49	 12023	
81	 3	 91	 4657	
79	 5	 3	 8634	
74	 18	 49	 9236	
76	 3	 37	 4678	
83	 17	 19	 10751	
78	 18	 61	 949	
77	 15	 23	 1739	
88	 3	 91	 4162	
80	 14	 39	 1891	
4	 0	 13	 16168	
2	 3	 67	 5359	
1	 18	 40	 11318	
4	 17	 10	 4941	
4	 5	 77	 3564	
80	 17	 86	 2024	
87	 7	 38	 7391	
0	 3	 50	 13411	
91	 13	 62	 10976	
90	 10	 9	 9622	
75	 4	 74	 3717	
0	 4	 48	 11095	
91	 3	 77	 700	
74	 15	 69	 5020	
83	 4	 30	 3175	
2	 11	 44	 10391	
77	 3	 74	 5787	
84	 1	 7	 14074	
79	 4	 0	 14403	
81	 13	 61	 3721	
0	 5	 60	 9847	
2	 4	 32	 14910	
80	 3	 80	 1077	
74	 4	 75	 15595	
5	 17	 6	 4694	
77	 4	 67	 2669	
87	 4	 84	 5367	
74	 18	 41	 16311	
82	 18	 44	 2964	
74	 8	 30	 2631	
81	 11	 46	 4560	
4	 19	 49	 15357	
4	 3	 0	 16623	
75	 4	 71	 8670	
2	 16	 67	 15281	
5	 17	 20	 14074	
81	 16	 72	 9458	
81	 4	 70	 16397	
82	 4	 4	 11298	
1	 3	 50	 11781	
81	 11	 46	 2810	
5	 5	 80	 9362	
89	 10	 9	 7817	
84	 5	 76	 17001	
78	 3	 84	 7128	
88	 7	 53	 5254	
5	 13	 64	 16704	
0	 18	 51	 9533	
5	 17	 1	 12316	
3	 17	 14	 11743	
83	 3	 1	 5785	
0	 3	 51	 16615	
1	 3	 73	 14649	
1	 3	 69	 7537	
75	 14	 40	 3270	
80	 7	 53	 15917	
90	 15	 32	 17287	
78	 16	 70	 6781	
82	 5	 64	 13009	
82	 14	 58	 14473	
4	 19	 48	 6027	
2	 15	 70	 14204	
81	 1	 9	 18210	
86	 4	 30	 6326	
81	 17	 12	 14708	
85	 3	 41	 1194	
76	 17	 86	 11442	
84	 17	 88	 2753	
4	 3	 89	 2423	
4	 1	 6	 9216	
75	 5	 87	 18042	
91	 17	 17	 276	
4	 4	 35	 15185	
91	 0	 19	 17534	
80	 11	 44	 8003	
4	 3	 52	 13669	
85	 17	 83	 11727	
75	 17	 21	 3132	
85	 17	 19	 1385	
1	 15	 35	 520	
91	 17	 21	 7681	
84	 3	 0	 3444	
82	 15	 12	 9453	
77	 4	 72	 12861	
79	 0	 14	 17015	
3	 9	 23	 11936	
77	 16	 70	 3244	
76	 4	 87	 12416	
83	 12	 64	 6372	
2	 18	 48	 12195	
0	 4	 40	 16992	
85	 15	 17	 12096	
76	 19	 48	 8767	
86	 4	 66	 9920	
81	 15	 22	 17144	
85	 3	 82	 16138	
77	 15	 71	 10667	
77	 19	 5	 6771	
78	 17	 88	 12563	
80	 0	 13	 10368	
4	 15	 35	 1060	
79	 17	 17	 4149	
88	 18	 61	 6742	
78	 4	 76	 16158	
77	 17	 18	 274	
74	 4	 68	 13871	
78	 17	 7	 1721	
87	 3	 70	 16317	
87	 17	 87	 1149	
0	 4	 75	 2486	
4	 10	 10	 7592	
82	 3	 83	 14944	
83	 11	 46	 7322	
87	 13	 62	 3653	
78	 3	 85	 10034	
3	 17	 79	 17546	
0	 14	 59	 12441	
86	 4	 35	 9623	
75	 13	 62	 13075	
85	 14	 39	 12774	
4	 15	 17	 8772	
5	 18	 50	 15511	
83	 17	 84	 658	
1	 19	 5	 14106	
77	 14	 56	 18234	
4	 12	 64	 4585	
76	 19	 89	 7379	
79	 13	 65	 4810	
84	 0	 13	 1962	
78	 18	 47	 11313	
5	 5	 0	 5203	
77	 17	 0	 13614	
77	 12	 65	 5339	
3	 17	 7	 11051	
2	 3	 33	 924	
91	 0	 12	 15501	
81	 9	 21	 16819	
5	 17	 16	 15313	
4	 12	 61	 4270	
1	 17	 88	 7865	
80	 17	 17	 4526	
85	 3	 76	 8318	
89	 3	 5	 14671	
1	 5	 91	 8383	
87	 3	 1	 1516	
84	 19	 78	 16395	
89	 1	 7	 13569	
74	 17	 16	 11089	
75	 3	 36	 746	
74	 7	 41	 4928	
4	 5	 4	 14059	
80	 14	 41	 14591	
0	 15	 15	 17689	
91	 4	 70	 3705	
1	 11	 46	 4513	
2	 5	 88	 7371	
76	 3	 69	 5252	
1	 3	 75	 16056	
86	 5	 74	 4794	
90	 17	 19	 2146	
87	 3	 49	 15331	
86	 3	 4	 16151	
75	 5	 5	 11586	
82	 19	 76	 16724	
5	 8	 33	 11183	
91	 17	 2	 15589	
80	 19	 3	 7180	
74	 17	 9	 1343	
86	 17	 76	 3710	
78	 1	 9	 16852	
1	 3	 84	 2904	
80	 4	 32	 14853	
90	 19	 75	 4141	
81	 18	 64	 10216	
5	 6	 35	 4885	
81	 18	 63	 2383	
86	 0	 23	 7385	
85	 15	 17	 5645	
2	 15	 20	 9844	
90	 5	 91	 13532	
90	 17	 84	 2658	
90	 0	 19	 17804	
4	 5	 89	 18148	
77	 19	 5	 7268	
91	 15	 68	 8779	
85	 10	 8	 13555	
87	 3	 51	 3030	
82	 19	 49	 12036	
82	 18	 45	 16597	
75	 12	 62	 10844	
86	 5	 77	 17093	
77	 16	 72	 1319	
5	 3	 35	 15170	
2	 9	 22	 10042	
87	 3	 77	 3807	
0	 7	 50	 9314	
90	 4	 75	 6973	
77	 7	 48	 10346	
87	 7	 53	 5195	
75	 4	 87	 8484	
1	 5	 85	 3967	
86	 14	 36	 7784	
77	 3	 41	 2951	
77	 19	 3	 12869	
0	 5	 81	 11298	
88	 17	 15	 12887	
78	 8	 31	 4841	
76	 14	 39	 17926	
86	 3	 32	 17358	
82	 8	 33	 6599	
3	 17	 76	 16325	
86	 6	 34	 12411	
79	 15	 31	 9085	
85	 3	 5	 3148	
0	 19	 78	 458	
75	 17	 87	 8851	
86	 4	 40	 11943	
90	 2	 27	 12193	
84	 3	 86	 15351	
81	 17	 88	 13052	
79	 8	 31	 6255	
76	 15	 30	 9380	
0	 4	 3	 7433	
74	 19	 89	 542	
4	 4	 79	 14204	
74	 3	 40	 9463	
80	 7	 52	 7601	
91	 19	 77	 8072	
84	 17	 80	 16400	
77	 5	 88	 7197	
0	 5	 77	 8641	
82	 5	 88	 3188	
78	 8	 34	 8460	
3	 3	 67	 10906	
78	 15	 67	 2141	
75	 8	 35	 3888	
90	 18	 46	 10607	
77	 9	 18	 16355	
77	 3	 86	 32	
3	 5	 1	 495	
3	 15	 17	 11908	
88	 15	 13	 5279	
87	 4	 78	 4826	
75	 4	 67	 1420	
82	 8	 31	 15371	
79	 5	 61	 9378	
82	 12	 65	 16175	
84	 4	 73	 2481	
79	 15	 69	 8563	
87	 3	 50	 11687	
0	 6	 30	 5115	
81	 4	 77	 14663	
90	 9	 14	 1092	
89	 5	 1	 11290	
0	 3	 31	 380	
81	 3	 33	 8447	
83	 4	 52	 7810	
4	 16	 70	 15806	
4	 1	 10	 4686	
77	 4	 38	 8995	
84	 3	 78	 3071	
86	 7	 36	 14431	
91	 3	 0	 11239	
78	 18	 65	 17689	
83	 7	 40	 15942	
77	 17	 10	 2985	
91	 7	 40	 506	
79	 7	 51	 1916	
87	 3	 77	 18004	
86	 3	 73	 10878	
84	 4	 32	 16267	
1	 9	 20	 9159	
77	 15	 22	 10245	
76	 19	 51	 5715	
4	 15	 16	 8258	
1	 13	 61	 15713	
78	 19	 89	 12362	
88	 12	 60	 4157	
4	 5	 65	 4560	
81	 15	 68	 11873	
87	 19	 48	 12004	
75	 17	 87	 10864	
76	 4	 37	 8970	
90	 5	 64	 3999	
3	 19	 2	 13937	
87	 0	 15	 1802	
1	 17	 85	 8416	
1	 3	 80	 2751	
2	 15	 15	 9404	
74	 19	 48	 2728	
91	 5	 91	 1489	
77	 6	 35	 13907	
75	 11	 42	 8487	
83	 4	 76	 4549	
87	 8	 32	 8425	
90	 3	 53	 10314	
85	 18	 38	 13756	
77	 17	 91	 14573	
74	 2	 25	 17864	
78	 4	 30	 7220	
82	 3	 38	 10069	
91	 5	 83	 16035	
76	 17	 10	 4328	
78	 15	 31	 3092	
91	 5	 90	 8229	
5	 0	 22	 15537	
75	 19	 51	 1040	
77	 17	 89	 11239	
82	 4	 32	 3750	
88	 0	 16	 13899	
81	 6	 34	 16283	
89	 9	 18	 1153	
80	 3	 49	 5693	
75	 14	 40	 6441	
83	 19	 81	 13099	
87	 19	 2	 14323	
80	 14	 40	 10127	
77	 17	 82	 8462	
91	 16	 73	 396	
89	 16	 73	 5109	
83	 14	 37	 15599	
87	 17	 6	 12446	
80	 4	 66	 3134	
78	 3	 33	 17138	
83	 3	 87	 17723	
84	 8	 30	 3334	
90	 5	 60	 12126	
77	 3	 53	 1833	
1	 5	 79	 15114	
3	 4	 33	 449	
3	 18	 63	 5993	
88	 3	 83	 12888	
3	 5	 2	 1823	
4	 4	 40	 6367	
3	 19	 74	 14736	
77	 18	 50	 10317	
82	 18	 42	 12436	
75	 5	 89	 4259	
4	 1	 11	 4875	
91	 14	 39	 8927	
86	 7	 39	 14259	
4	 3	 48	 9318	
88	 4	 39	 9438	
3	 17	 5	 13130	
83	 13	 62	 7912	
81	 17	 19	 1143	
5	 17	 1	 2288	
85	 4	 67	 16435	
82	 14	 36	 5652	
84	 18	 60	 3789	
3	 3	 30	 4588	
88	 3	 87	 13291	
85	 6	 31	 10768	
74	 15	 31	 8122	
78	 4	 90	 4558	
86	 3	 87	 7658	
90	 5	 62	 11582	
85	 3	 69	 6760	
5	 5	 90	 10560	
76	 3	 78	 15784	
80	 9	 14	 1771	
0	 12	 64	 17944	
89	 3	 52	 18230	
0	 4	 33	 3840	
86	 3	 78	 13061	
77	 15	 20	 10214	
90	 4	 82	 13700	
79	 2	 24	 7024	
2	 4	 86	 17936	
78	 17	 75	 9203	
83	 5	 65	 4469	
78	 1	 11	 5287	
80	 15	 21	 3457	
85	 3	 51	 11312	
83	 15	 72	 17293	
74	 3	 74	 6517	
86	 4	 83	 8244	
80	 17	 83	 1484	
88	 7	 41	 16811	
81	 0	 13	 14923	
85	 4	 86	 15973	
82	 3	 70	 13035	
88	 17	 22	 1489	
74	 5	 2	 4829	
88	 10	 10	 14899	
4	 16	 66	 12867	
80	 4	 35	 11603	
82	 4	 68	 1084	
4	 15	 31	 18033	
82	 3	 69	 2861	
4	 3	 5	 1201	
78	 19	 87	 11315	
84	 19	 89	 4256	
89	 17	 82	 3149	
76	 4	 32	 9526	
4	 17	 14	 9998	
78	 15	 16	 6529	
83	 17	 7	 11543	
5	 5	 1	 1217	
4	 18	 46	 5671	
83	 15	 21	 12522	
78	 3	 91	 3157	
79	 18	 61	 11131	
2	 19	 90	 8417	
5	 18	 53	 8466	
85	 7	 53	 9029	
81	 5	 64	 9167	
87	 4	 76	 9883	
74	 5	 87	 17815	
81	 5	 63	 14436	
85	 18	 44	 18046	
84	 18	 63	 10293	
87	 17	 80	 4108	
81	 10	 7	 2691	
91	 3	 87	 8447	
82	 4	 1	 16424	
80	 5	 80	 6757	
77	 3	 1	 15456	
77	 5	 81	 17410	
91	 19	 49	 14410	
84	 10	 7	 11422	
81	 15	 22	 13960	
90	 17	 82	 6904	
88	 4	 85	 17636	
83	 4	 83	 3205	
77	 3	 90	 7901	
86	 3	 91	 17457	
82	 15	 72	 15295	
80	 3	 67	 7605	
85	 0	 16	 4944	
76	 4	 51	 7416	
90	 3	 79	 15811	
78	 15	 17	 11896	
2	 15	 70	 11527	
81	 6	 33	 6124	
81	 11	 43	 10833	
84	 18	 41	 9376	
87	 17	 22	 15955	
2	 4	 77	 15227	
76	 17	 78	 3953	
81	 5	 64	 7795	
83	 17	 18	 9895	
79	 10	 10	 7797	
85	 19	 3	 4193	
77	 11	 46	 10232	
87	 4	 2	 5380	
79	 9	 17	 990	
4	 2	 28	 5322	
77	 10	 6	 10181	
84	 17	 0	 17739	
0	 19	 80	 11155	
82	 18	 63	 3551	
75	 3	 83	 16249	
84	 4	 5	 10563	
79	 10	 7	 4008	
85	 4	 66	 15174	
90	 9	 14	 5419	
0	 17	 19	 6857	
1	 4	 74	 11186	
79	 4	 88	 1183	
1	 18	 44	 17273	
82	 5	 77	 653	
82	 8	 31	 12857	
81	 15	 31	 8510	
89	 4	 75	 16157	
75	 2	 29	 7557	
0	 6	 33	 8400	
83	 16	 70	 9780	
81	 17	 83	 13091	
84	 5	 60	 8631	
84	 19	 49	 6668	
91	 9	 23	 10792	
81	 3	 73	 2436	
84	 17	 6	 4597	
0	 17	 17	 6181	
86	 15	 30	 3231	
5	 18	 48	 3759	
2	 4	 30	 16386	
86	 9	 21	 11981	
89	 19	 50	 1549	
2	 17	 2	 2767	
0	 17	 6	 11577	
84	 19	 78	 1414	
79	 3	 83	 16286	
75	 9	 14	 18005	
77	 19	 2	 1748	
75	 6	 34	 15291	
80	 15	 70	 10274	
5	 10	 11	 4820	
91	 6	 31	 1599	
89	 2	 29	 741	
76	 19	 84	 7259	
0	 5	 5	 12016	
87	 5	 76	 8172	
75	 4	 49	 17328	
76	 3	 40	 15880	
76	 5	 76	 7448	
85	 0	 14	 5786	
1	 16	 72	 12924	
0	 3	 48	 12787	
88	 7	 50	 13784	
1	 16	 71	 8366	
77	 17	 23	 2606	
88	 4	 50	 9524	
89	 8	 34	 9219	
79	 19	 76	 8502	
86	 17	 79	 3138	
84	 10	 9	 7054	
85	 5	 63	 3879	
84	 8	 33	 4240	
1	 17	 19	 3137	
81	 12	 60	 13671	
2	 3	 0	 80	
81	 14	 58	 9971	
90	 18	 39	 13254	
2	 12	 64	 1050	
87	 4	 76	 8800	
76	 18	 43	 9321	
80	 3	 84	 18201	
79	 3	 52	 815	
74	 4	 88	 4184	
4	 17	 3	 10505	
80	 4	 3	 13034	
83	 18	 41	 8318	
4	 3	 41	 16184	
4	 14	 56	 2666	
79	 19	 91	 4710	
77	 17	 23	 7044	
3	 9	 15	 3689	
3	 17	 89	 11258	
81	 17	 84	 9684	
79	 17	 15	 17112	
89	 18	 49	 8720	
86	 0	 16	 14586	
83	 17	 85	 14283	
84	 18	 41	 3583	
79	 18	 47	 4487	
0	 18	 49	 14192	
78	 7	 51	 11543	
79	 11	 47	 10993	
0	 9	 19	 12154	
80	 13	 61	 5444	
79	 15	 21	 16395	
5	 18	 64	 9825	
85	 18	 45	 17665	
83	 18	 48	 3107	
91	 3	 85	 737	
76	 4	 70	 10256	
78	 17	 77	 4393	
81	 15	 23	 13002	
75	 15	 15	 3102	
81	 13	 60	 3486	
4	 17	 18	 11139	
78	 3	 71	 5201	
91	 16	 69	 2919	
81	 18	 62	 13794	
1	 5	 74	 17972	
89	 9	 14	 83	
86	 16	 72	 1320	
0	 19	 80	 15062	
89	 3	 30	 1145	
85	 8	 30	 15111	
89	 17	 13	 15144	
83	 12	 60	 13119	
75	 7	 52	 8278	
91	 19	 90	 11994	
5	 19	 79	 10278	
86	 9	 19	 12241	
89	 19	 77	 12244	
4	 18	 41	 5279	
90	 4	 89	 14907	
84	 9	 20	 16262	
4	 3	 50	 13737	
2	 4	 48	 12829	
90	 6	 30	 4350	
74	 19	 90	 17665	
79	 12	 60	 7646	
75	 19	 4	 5262	
82	 4	 67	 2842	
90	 3	 0	 18020	
5	 5	 3	 6779	
84	 3	 80	 16012	
89	 11	 43	 5635	
85	 5	 78	 8361	
78	 7	 53	 1376	
89	 14	 56	 13884	
74	 19	 48	 13376	
85	 12	 61	 15978	
90	 4	 76	 4248	
0	 19	 48	 14441	
80	 7	 51	 4167	
75	 17	 86	 18099	
5	 3	 82	 4029	
84	 3	 39	 8924	
87	 4	 90	 2081	
5	 4	 89	 13215	
1	 14	 56	 12119	
78	 18	 65	 12107	
79	 10	 7	 11657	
88	 13	 62	 1491	
5	 19	 84	 13051	
88	 18	 60	 7024	
77	 14	 56	 1175	
80	 3	 91	 12500	
2	 19	 85	 5479	
3	 18	 46	 13479	
5	 5	 4	 4694	
89	 5	 86	 979	
80	 4	 89	 10012	
74	 7	 52	 2518	
83	 19	 75	 1478	
0	 17	 6	 6282	
79	 19	 91	 14783	
80	 2	 24	 3610	
80	 4	 34	 11121	
83	 15	 32	 5869	
1	 3	 90	 5819	
81	 5	 78	 14693	
85	 15	 66	 16301	
83	 7	 40	 2410	
85	 18	 42	 16184	
2	 5	 78	 8549	
87	 9	 17	 3630	
74	 15	 13	 4464	
90	 10	 8	 17561	
89	 17	 22	 16458	
75	 5	 5	 10323	
76	 16	 69	 6544	
81	 0	 17	 7424	
75	 4	 40	 635	
2	 4	 82	 12084	
91	 4	 77	 17211	
5	 3	 70	 1374	
91	 5	 2	 18195	
83	 17	 91	 13024	
77	 16	 69	 10903	
84	 19	 84	 3917	
84	 4	 87	 1316	
82	 3	 78	 13817	
2	 3	 0	 12215	
85	 3	 72	 4590	
89	 13	 65	 9271	
77	 3	 86	 9773	
83	 8	 31	 1061	
79	 17	 12	 11444	
89	 17	 77	 12719	
91	 3	 4	 1095	
79	 3	 72	 18090	
4	 19	 83	 4294	
85	 18	 39	 1819	
89	 10	 8	 9457	
85	 16	 70	 10621	
82	 19	 48	 15491	
75	 3	 48	 2312	
88	 3	 83	 240	
87	 18	 64	 288	
83	 3	 2	 211	
86	 18	 65	 4691	
5	 2	 24	 17641	
81	 18	 42	 11361	
4	 0	 16	 17311	
80	 4	 82	 12249	
88	 16	 67	 7529	
0	 18	 39	 3084	
85	 18	 50	 1975	
87	 17	 86	 15901	
74	 5	 63	 8223	
4	 3	 86	 13404	
1	 17	 82	 7017	
82	 3	 51	 13549	
86	 14	 58	 16601	
81	 1	 6	 6363	
0	 15	 23	 9287	
1	 17	 19	 13643	
77	 4	 76	 14669	
90	 19	 86	 959	
76	 7	 51	 7537	
90	 3	 36	 417	
78	 4	 80	 4195	
88	 19	 79	 11020	
2	 15	 21	 9370	
86	 14	 56	 15218	
2	 0	 12	 12278	
5	 3	 68	 5489	
86	 13	 60	 15864	
2	 15	 19	 11026	
91	 3	 90	 10082	
87	 4	 48	 1537	
75	 4	 80	 8523	
1	 18	 64	 10880	
88	 15	 16	 7441	
80	 4	 41	 6844	
1	 14	 41	 13438	
80	 3	 39	 3959	
86	 19	 84	 11444	
90	 3	 32	 16386	
88	 15	 18	 15632	
80	 6	 33	 17401	
90	 0	 18	 1866	
89	 3	 48	 1290	
87	 3	 4	 6236	
1	 3	 31	 3140	
74	 16	 73	 17727	
2	 4	 72	 1255	
2	 14	 38	 8676	
0	 9	 13	 10640	
91	 0	 12	 9870	
75	 18	 47	 9418	
75	 17	 2	 2136	
85	 5	 63	 3289	
81	 19	 4	 2021	
75	 1	 8	 6426	
79	 14	 39	 7420	
5	 3	 37	 16850	
2	 18	 36	 37	
75	 17	 78	 16757	
88	 4	 84	 12360	
4	 5	 89	 6689	
90	 4	 38	 2866	
1	 3	 91	 15034	
87	 4	 77	 4553	
76	 16	 67	 10533	
91	 18	 38	 14330	
84	 3	 78	 2423	
4	 4	 84	 7253	
91	 5	 91	 14943	
4	 5	 88	 2236	
89	 5	 85	 15852	
90	 5	 81	 3834	
78	 13	 65	 16387	
76	 3	 74	 15581	
90	 5	 74	 8947	
79	 3	 1	 1066	
81	 13	 62	 499	
4	 11	 47	 14769	
74	 1	 11	 17386	
74	 12	 64	 1775	
74	 18	 45	 3063	
3	 19	 5	 11619	
88	 18	 62	 7437	
74	 1	 10	 2224	
74	 17	 14	 16710	
83	 15	 32	 14716	
84	 17	 14	 14948	
91	 11	 47	 11692	
77	 3	 88	 16461	
76	 4	 79	 2812	
76	 17	 7	 1115	
83	 4	 30	 6540	
81	 3	 36	 6866	
2	 3	 85	 13581	
83	 17	 90	 5085	
2	 10	 6	 15450	
85	 3	 52	 4394	
89	 6	 34	 8498	
89	 0	 21	 8154	
83	 5	 87	 16795	
5	 19	 75	 6799	
4	 5	 2	 6063	
89	 5	 85	 6338	
74	 18	 40	 5302	
83	 18	 48	 9805	
84	 8	 32	 11649	
83	 5	 2	 11015	
82	 19	 80	 7036	
81	 4	 91	 1688	
2	 4	 35	 12574	
91	 15	 69	 5592	
74	 2	 25	 1573	
84	 0	 13	 15042	
85	 1	 10	 1707	
89	 4	 86	 12805	
75	 17	 4	 6347	
4	 4	 84	 3819	
91	 1	 10	 4055	
84	 9	 14	 11179	
88	 8	 30	 14728	
1	 5	 60	 5966	
5	 3	 2	 11052	
89	 15	 31	 9877	
84	 19	 83	 8865	
83	 17	 79	 2358	
83	 1	 6	 8541	
86	 1	 6	 10010	
2	 4	 88	 14377	
83	 15	 17	 17503	
79	 3	 88	 7600	
74	 3	 51	 650	
85	 15	 35	 6906	
76	 3	 81	 1718	
82	 15	 14	 5436	
78	 5	 64	 8889	
88	 7	 52	 8417	
75	 4	 78	 15978	
74	 17	 76	 454	
78	 18	 53	 15906	
74	 17	 77	 7464	
79	 19	 89	 17720	
81	 4	 84	 10111	
1	 3	 3	 14577	
84	 3	 91	 5364	
81	 5	 90	 7840	
85	 4	 51	 9576	
4	 17	 89	 15928	
89	 0	 17	 7005	
82	 3	 85	 1655	
78	 4	 5	 16026	
79	 15	 33	 8779	
77	 5	 75	 550	
79	 12	 64	 4393	
84	 17	 86	 16672	
84	 3	 72	 14028	
82	 9	 22	 7903	
87	 18	 52	 13625	
85	 18	 37	 696	
89	 3	 91	 12901	
5	 3	 70	 12442	
78	 5	 80	 4889	
79	 19	 75	 9802	
1	 4	 68	 11687	
87	 4	 86	 7785	
80	 3	 31	 11374	
87	 10	 10	 9623	
5	 13	 65	 10100	
2	 17	 2	 7724	
3	 5	 65	 3787	
77	 9	 15	 540	
88	 1	 10	 13211	
89	 7	 48	 11179	
88	 17	 4	 6567	
1	 9	 17	 18212	
81	 14	 55	 9515	
75	 9	 23	 15924	
2	 4	 74	 4015	
77	 18	 43	 4505	
82	 5	 87	 5880	
85	 4	 83	 379	
74	 4	 75	 10447	
82	 18	 43	 3928	
86	 19	 78	 758	
2	 10	 11	 7423	
83	 17	 82	 4160	
90	 15	 23	 16257	
84	 13	 65	 5294	
86	 9	 19	 10440	
86	 13	 61	 664	
77	 3	 79	 2221	
88	 5	 87	 7076	
78	 14	 57	 14651	
3	 3	 31	 13392	
86	 3	 32	 12043	
86	 11	 47	 7170	
78	 3	 84	 18109	
82	 11	 47	 9758	
85	 3	 80	 1364	
5	 0	 17	 8233	
83	 4	 37	 6987	
1	 4	 76	 15279	
81	 4	 74	 10899	
3	 17	 76	 11009	
5	 14	 40	 16914	
1	 17	 3	 9656	
4	 15	 30	 10421	
78	 9	 12	 6682	
0	 4	 49	 15559	
75	 19	 87	 16799	
0	 3	 48	 2649	
82	 3	 80	 17646	
88	 19	 89	 14920	
85	 10	 8	 15226	
4	 3	 48	 2947	
85	 19	 90	 2940	
84	 17	 22	 3262	
1	 2	 26	 14001	
80	 14	 41	 10826	
77	 9	 17	 17236	
77	 4	 35	 14692	
74	 3	 40	 17791	
84	 18	 48	 856	
84	 19	 78	 1050	
85	 5	 85	 13617	
78	 1	 11	 13479	
89	 13	 61	 12324	
2	 3	 71	 6040	
82	 17	 86	 3926	
85	 18	 40	 87	
88	 3	 49	 17161	
90	 15	 17	 14232	
3	 3	 69	 1711	
5	 18	 53	 3064	
87	 14	 38	 14971	
91	 1	 10	 8724	
2	 14	 59	 4590	
77	 4	 71	 10797	
88	 3	 85	 5294	
91	 5	 61	 13742	
91	 4	 68	 8931	
78	 17	 2	 2774	
90	 4	 39	 11938	
82	 14	 41	 2305	
5	 17	 84	 10559	
2	 4	 82	 17462	
90	 3	 83	 11445	
84	 15	 22	 15926	
86	 10	 10	 3558	
87	 3	 38	 2635	
91	 17	 90	 12959	
88	 7	 53	 14432	
89	 10	 11	 4372	
87	 15	 12	 16614	
4	 3	 5	 7204	
80	 4	 87	 15992	
89	 14	 57	 7697	
5	 7	 40	 16643	
80	 5	 87	 16249	
4	 14	 38	 9752	
89	 6	 34	 11164	
90	 15	 72	 370	
86	 2	 26	 10155	
83	 18	 41	 15724	
88	 3	 38	 12684	
74	 7	 38	 10	
76	 0	 14	 13026	
74	 17	 3	 3003	
2	 3	 71	 1090	
75	 3	 39	 1900	
90	 19	 74	 12903	
5	 6	 35	 14252	
79	 17	 91	 14021	
74	 19	 53	 16824	
76	 3	 34	 7553	
75	 4	 51	 12183	
74	 15	 16	 6990	
86	 3	 30	 17493	
77	 10	 11	 2895	
1	 4	 68	 5523	
85	 5	 61	 8379	
91	 5	 88	 917	
88	 14	 58	 752	
87	 17	 15	 6085	
86	 3	 49	 13022	
85	 19	 83	 3130	
75	 4	 70	 7313	
87	 13	 61	 1234	
78	 12	 60	 16450	
90	 5	 5	 16684	
5	 19	 49	 7187	
91	 0	 15	 14245	
2	 3	 81	 13243	
88	 3	 41	 10493	
86	 3	 70	 13171	
86	 4	 67	 2876	
3	 2	 29	 7301	
89	 0	 23	 6278	
3	 10	 8	 5379	
83	 5	 82	 3500	
1	 17	 11	 2169	
76	 4	 33	 15261	
78	 15	 21	 17060	
78	 0	 15	 6060	
1	 9	 21	 15296	
86	 16	 68	 12566	
3	 14	 39	 10741	
85	 9	 21	 9393	
87	 19	 84	 7440	
74	 3	 66	 8425	
76	 19	 85	 11021	
74	 15	 12	 965	
90	 0	 15	 16930	
0	 4	 69	 5853	
85	 19	 87	 10173	
82	 17	 17	 16404	
2	 5	 1	 2711	
75	 13	 65	 12244	
90	 5	 4	 1101	
78	 3	 82	 14094	
88	 3	 66	 127	
88	 17	 18	 18013	
85	 14	 37	 13297	
86	 4	 66	 1410	
2	 3	 88	 16214	
76	 3	 41	 14989	
1	 3	 49	 13661	
88	 19	 52	 12608	
83	 17	 8	 16435	
74	 7	 50	 11630	
2	 5	 4	 14600	
74	 17	 8	 9535	
82	 15	 13	 255	
83	 19	 0	 16771	
89	 5	 85	 11420	
74	 17	 1	 5613	
81	 3	 32	 3691	
89	 17	 5	 8653	
88	 16	 66	 6041	
90	 17	 74	 17051	
3	 4	 32	 8743	
89	 4	 89	 16075	
89	 2	 28	 10549	
91	 8	 34	 16670	
5	 17	 20	 18178	
84	 19	 4	 12943	
3	 19	 52	 15878	
80	 0	 15	 10845	
86	 3	 35	 3784	
79	 2	 28	 724	
5	 4	 76	 6732	
75	 11	 45	 7062	
1	 4	 40	 13173	
86	 5	 83	 1872	
77	 4	 3	 8037	
3	 5	 63	 12083	
78	 5	 85	 14230	
84	 3	 73	 12291	
78	 19	 49	 2995	
74	 6	 32	 18057	
89	 4	 75	 168	
3	 5	 88	 16325	
83	 17	 13	 11358	
88	 19	 83	 11482	
74	 3	 52	 15150	
84	 13	 65	 1107	
75	 9	 18	 15040	
0	 11	 47	 8976	
3	 17	 2	 9061	
87	 5	 80	 4802	
88	 14	 59	 9441	
81	 6	 32	 4177	
80	 17	 81	 6516	
74	 17	 22	 9575	
89	 4	 77	 14786	
82	 19	 48	 3604	
88	 5	 61	 8640	
4	 9	 17	 15385	
4	 1	 9	 15964	
86	 3	 86	 9149	
91	 9	 13	 10230	
81	 13	 65	 16246	
4	 5	 83	 15548	
91	 15	 73	 3929	
74	 3	 79	 5799	
81	 3	 87	 13475	
76	 4	 31	 862	
90	 4	 5	 17415	
81	 0	 12	 12554	
91	 19	 79	 6952	
0	 6	 35	 13083	
82	 3	 3	 11010	
85	 15	 17	 2613	
74	 5	 3	 8767	
76	 19	 77	 11973	
91	 15	 32	 11260	
77	 18	 52	 6280	
83	 4	 67	 8132	
81	 6	 35	 16633	
0	 4	 5	 15119	
5	 15	 23	 9420	
79	 13	 60	 5596	
84	 4	 67	 13202	
4	 3	 68	 3111	
90	 5	 80	 7483	
76	 15	 69	 14906	
84	 3	 35	 11420	
4	 16	 72	 13563	
81	 17	 91	 13114	
85	 4	 5	 11140	
77	 3	 77	 9211	
86	 18	 41	 2981	
91	 18	 65	 3758	
85	 4	 83	 17125	
80	 18	 53	 3815	
0	 16	 69	 6070	
82	 18	 44	 6330	
88	 5	 79	 15398	
4	 9	 18	 3766	
86	 4	 66	 13004	
80	 19	 75	 5134	
4	 19	 89	 14531	
84	 15	 67	 16660	
91	 0	 17	 293	
2	 17	 2	 642	
88	 18	 48	 7881	
81	 3	 84	 15235	
85	 0	 12	 4816	
90	 11	 46	 1883	
80	 17	 19	 6572	
3	 8	 31	 4457	
86	 17	 2	 15298	
85	 7	 49	 15051	
74	 5	 0	 4303	
4	 0	 22	 9106	
87	 3	 52	 10291	
77	 19	 51	 17734	
2	 17	 19	 1702	
1	 17	 1	 2834	
74	 5	 82	 14995	
0	 5	 64	 275	
81	 15	 23	 13524	
0	 17	 7	 2400	
88	 4	 74	 2997	
3	 5	 81	 11588	
76	 16	 73	 6773	
87	 5	 0	 4552	
79	 3	 1	 18144	
88	 8	 34	 8533	
83	 18	 60	 14262	
5	 2	 28	 970	
89	 3	 79	 9745	
89	 4	 3	 16015	
82	 17	 12	 4099	
89	 15	 19	 5536	
78	 4	 83	 1584	
81	 19	 84	 12989	
89	 4	 4	 12949	
83	 19	 88	 13619	
1	 17	 79	 17919	
4	 15	 31	 17606	
88	 17	 5	 11289	
86	 17	 6	 9274	
82	 5	 2	 9585	
83	 5	 60	 15431	
78	 7	 36	 4519	
2	 17	 90	 16749	
4	 18	 51	 14988	
77	 0	 13	 12850	
78	 19	 87	 9987	
87	 15	 73	 556	
90	 14	 40	 4413	
84	 9	 13	 7153	
82	 15	 20	 2482	
76	 7	 48	 11313	
85	 4	 4	 4256	
81	 4	 35	 16498	
1	 18	 39	 6646	
2	 18	 60	 7135	
3	 19	 51	 10155	
76	 4	 1	 1133	
0	 19	 90	 173	
83	 18	 44	 11340	
3	 13	 62	 9006	
77	 17	 90	 3500	
84	 19	 91	 12860	
74	 8	 35	 1469	
78	 3	 5	 15929	
84	 15	 22	 10459	
87	 18	 43	 17273	
80	 7	 36	 3511	
78	 18	 38	 8557	
82	 19	 5	 329	
87	 14	 54	 14739	
78	 0	 23	 526	
5	 3	 77	 14613	
87	 8	 35	 11129	
1	 15	 17	 804	
77	 17	 11	 6583	
78	 15	 16	 16681	
74	 17	 82	 11936	
84	 4	 5	 5964	
77	 5	 79	 11059	
80	 3	 2	 9913	
3	 17	 77	 1482	
91	 3	 49	 15674	
91	 7	 37	 17941	
90	 15	 18	 5347	
85	 7	 52	 5461	
84	 15	 35	 805	
90	 5	 89	 8372	
89	 16	 67	 6096	
2	 3	 84	 10248	
84	 18	 38	 4894	
78	 5	 77	 18229	
90	 19	 84	 304	
84	 3	 30	 10343	
3	 16	 67	 11876	
77	 1	 9	 11916	
91	 8	 31	 8548	
2	 16	 73	 11983	
78	 3	 76	 8160	
1	 14	 41	 25	
90	 10	 7	 2033	
4	 3	 87	 18048	
85	 11	 43	 17942	
79	 0	 18	 9669	
90	 4	 90	 3299	
88	 6	 31	 14332	
74	 15	 67	 6896	
78	 16	 66	 7935	
81	 15	 15	 6557	
5	 6	 33	 12325	
80	 19	 50	 7929	
4	 19	 51	 14726	
81	 14	 41	 11359	
5	 4	 50	 2232	
5	 17	 80	 14985	
1	 4	 39	 8923	
87	 16	 70	 4657	
1	 7	 49	 15322	
0	 17	 0	 9144	
5	 9	 14	 4233	
5	 9	 20	 548	
84	 16	 72	 5003	
86	 13	 63	 1185	
3	 5	 2	 12353	
89	 15	 33	 10175	
77	 9	 15	 10916	
80	 8	 32	 13599	
85	 15	 30	 13694	
2	 5	 64	 7108	
5	 10	 6	 12325	
82	 18	 47	 5331	
82	 14	 57	 1271	
75	 13	 61	 3075	
77	 15	 20	 5293	
90	 17	 12	 586	
4	 18	 45	 6075	
87	 16	 73	 16693	
87	 4	 51	 11676	
2	 19	 87	 13547	
85	 4	 77	 9559	
2	 15	 67	 8042	
90	 3	 69	 12334	
75	 2	 27	 622	
77	 5	 2	 2090	
85	 3	 2	 2230	
86	 18	 37	 13501	
5	 17	 86	 636	
2	 4	 86	 6570	
86	 6	 32	 4644	
76	 19	 76	 767	
82	 5	 4	 4588	
89	 19	 1	 11917	
78	 4	 33	 14722	
5	 2	 25	 1497	
88	 12	 62	 4189	
2	 0	 18	 3222	
91	 14	 39	 2422	
0	 3	 51	 1272	
84	 3	 39	 11222	
75	 15	 15	 5932	
78	 16	 66	 5836	
2	 17	 77	 6433	
89	 4	 36	 13598	
76	 0	 17	 15555	
3	 4	 1	 5825	
3	 4	 41	 18062	
78	 6	 33	 1774	
0	 9	 20	 9876	
80	 0	 15	 16891	
91	 4	 35	 5488	
74	 7	 52	 11906	
77	 17	 91	 12178	
78	 7	 49	 5719	
4	 18	 36	 6166	
85	 19	 1	 6001	
5	 4	 76	 8971	
3	 9	 18	 7364	
0	 19	 90	 1932	
5	 3	 91	 7417	
1	 4	 4	 5699	
1	 4	 73	 6351	
78	 6	 30	 10977	
81	 1	 11	 4274	
2	 4	 38	 17009	
1	 3	 77	 10793	
3	 3	 81	 1024	
85	 10	 10	 1606	
82	 15	 20	 3385	
4	 14	 39	 3999	
83	 18	 51	 16053	
80	 3	 86	 6999	
84	 3	 34	 10697	
81	 19	 82	 16657	
81	 15	 17	 9091	
83	 6	 35	 9099	
76	 4	 69	 12667	
76	 18	 65	 616	
1	 17	 18	 13368	
84	 4	 40	 3247	
1	 9	 14	 8708	
89	 19	 82	 18145	
3	 15	 21	 1451	
81	 4	 53	 8029	
91	 19	 81	 14120	
82	 3	 86	 3358	
2	 19	 48	 12740	
90	 19	 86	 5106	
90	 9	 12	 13211	
80	 5	 90	 9008	
81	 7	 41	 14700	
0	 5	 82	 16157	
85	 4	 32	 2709	
0	 17	 78	 535	
82	 9	 17	 4495	
85	 17	 9	 7602	
77	 4	 50	 7161	
84	 3	 31	 714	
83	 7	 52	 6943	
3	 4	 85	 9726	
88	 19	 5	 13503	
74	 13	 65	 4908	
91	 3	 89	 1505	
84	 15	 67	 1288	
74	 17	 78	 6421	
86	 4	 76	 5991	
0	 6	 30	 7493	
90	 5	 0	 3880	
89	 12	 63	 640	
85	 17	 75	 16214	
78	 4	 53	 2897	
0	 15	 12	 17654	
85	 18	 38	 4341	
78	 4	 90	 881	
76	 3	 71	 14349	
78	 2	 26	 9258	
85	 3	 34	 17714	
5	 16	 71	 5985	
82	 11	 44	 15321	
88	 19	 83	 12348	
81	 14	 58	 5295	
75	 15	 30	 15382	
81	 15	 71	 16398	
88	 9	 16	 13362	
81	 17	 89	 548	
74	 17	 19	 4517	
84	 2	 28	 3467	
4	 19	 87	 11814	
77	 5	 60	 7731	
4	 4	 75	 9035	
5	 15	 69	 11338	
79	 19	 89	 2649	
80	 3	 35	 2089	
81	 14	 39	 13190	
83	 19	 86	 12003	
84	 5	 87	 8593	
81	 15	 66	 3424	
5	 7	 38	 9950	
90	 0	 15	 1522	
76	 18	 42	 13796	
80	 18	 45	 6362	
80	 6	 32	 357	
3	 18	 40	 9578	
83	 13	 64	 1594	
81	 12	 65	 14767	
88	 4	 5	 11876	
82	 12	 62	 2284	
79	 18	 51	 13399	
89	 4	 84	 5152	
87	 3	 89	 5440	
0	 15	 12	 3689	
1	 19	 78	 11885	
87	 18	 44	 1762	
91	 15	 31	 10926	
2	 17	 6	 9710	
90	 4	 69	 2814	
89	 17	 8	 2898	
89	 18	 62	 6299	
89	 2	 29	 16533	
77	 19	 78	 9980	
4	 17	 9	 1931	
74	 8	 34	 2383	
3	 3	 38	 3609	
84	 3	 89	 6344	
1	 18	 39	 6512	
77	 19	 78	 15903	
79	 15	 12	 12828	
84	 2	 29	 6591	
2	 3	 2	 250	
76	 3	 4	 14312	
2	 17	 78	 10937	
90	 6	 31	 4006	
85	 7	 37	 1734	
78	 5	 61	 12696	
2	 17	 7	 14152	
88	 15	 70	 2216	
78	 3	 87	 1106	
83	 4	 70	 10510	
78	 16	 73	 16720	
84	 10	 10	 8300	
80	 14	 37	 11452	
74	 13	 60	 8518	
5	 3	 5	 10924	
89	 3	 5	 9130	
0	 5	 0	 860	
75	 19	 0	 9749	
4	 0	 13	 10475	
88	 18	 63	 6310	
76	 3	 87	 6130	
82	 3	 82	 6789	
80	 18	 37	 2401	
5	 19	 4	 3767	
75	 19	 1	 8028	
86	 19	 0	 15968	
0	 19	 52	 11129	
76	 4	 4	 15557	
4	 16	 72	 1964	
89	 13	 62	 10122	
74	 4	 80	 6998	
88	 4	 4	 15865	
3	 4	 32	 6334	
91	 4	 72	 7342	
81	 4	 39	 6220	
88	 11	 47	 15936	
86	 14	 40	 14855	
88	 0	 23	 7451	
1	 0	 19	 5049	
5	 15	 32	 16225	
77	 8	 30	 980	
1	 1	 11	 8262	
74	 5	 64	 4834	
83	 11	 45	 3071	
88	 3	 33	 10807	
91	 4	 68	 7945	
2	 4	 35	 5808	
78	 5	 82	 9208	
74	 19	 74	 11827	
75	 2	 29	 13134	
88	 3	 68	 17289	
3	 3	 5	 17812	
78	 15	 20	 14122	
88	 15	 73	 17272	
74	 5	 75	 13539	
84	 4	 67	 7442	
80	 14	 38	 16070	
0	 15	 67	 11357	
86	 3	 39	 14301	
90	 4	 40	 493	
5	 4	 76	 16512	
83	 17	 13	 13588	
81	 3	 3	 10156	
78	 18	 62	 6342	
77	 15	 15	 12213	
90	 7	 49	 5568	
80	 19	 81	 16299	
91	 17	 74	 10049	
80	 18	 43	 10719	
81	 3	 2	 5883	
4	 19	 87	 10280	
0	 19	 78	 11390	
85	 3	 72	 12723	
76	 3	 1	 11444	
88	 18	 60	 13227	
85	 5	 87	 4465	
75	 3	 48	 1783	
80	 15	 19	 7452	
82	 8	 34	 4905	
91	 7	 49	 16782	
77	 17	 20	 14046	
76	 17	 18	 2363	
0	 14	 55	 5387	
74	 17	 80	 4883	
80	 18	 45	 10437	
74	 3	 71	 5411	
0	 7	 39	 5642	
85	 19	 88	 5339	
0	 5	 75	 18186	
81	 15	 72	 13409	
84	 4	 66	 6621	
86	 14	 40	 7911	
88	 14	 37	 15570	
80	 7	 50	 11718	
1	 6	 33	 9233	
85	 8	 33	 7976	
75	 15	 20	 808	
86	 18	 41	 11707	
2	 4	 48	 5130	
78	 17	 7	 2973	
86	 6	 33	 12915	
88	 14	 55	 1064	
85	 4	 31	 5416	
1	 3	 67	 12320	
87	 10	 10	 17348	
84	 15	 20	 4791	
81	 4	 90	 16994	
86	 17	 20	 12177	
83	 17	 85	 15206	
1	 19	 0	 4286	
81	 19	 2	 10670	
88	 14	 41	 5427	
82	 19	 51	 12458	
4	 3	 71	 6658	
2	 8	 32	 14425	
86	 3	 84	 4666	
89	 16	 69	 3186	
84	 3	 31	 2579	
5	 16	 67	 3006	
81	 5	 84	 12931	
83	 3	 37	 5773	
84	 17	 76	 9159	
87	 8	 30	 5708	
4	 5	 74	 5791	
77	 5	 88	 2140	
75	 4	 31	 13719	
1	 17	 84	 1510	
91	 3	 32	 6021	
76	 14	 58	 4830	
74	 3	 76	 11753	
4	 9	 16	 13975	
0	 18	 65	 5918	
89	 4	 53	 15885	
76	 3	 40	 14252	
85	 4	 53	 6596	
1	 15	 20	 7019	
82	 6	 33	 899	
91	 4	 71	 5090	
74	 9	 16	 2755	
79	 3	 91	 4687	
0	 5	 76	 8934	
76	 15	 15	 2272	
0	 3	 81	 7999	
2	 5	 76	 3518	
79	 3	 30	 994	
79	 12	 63	 14806	
3	 4	 48	 15841	
1	 4	 79	 12333	
5	 3	 83	 13968	
91	 10	 9	 5821	
74	 12	 60	 3081	
87	 19	 78	 14778	
0	 18	 60	 1841	
90	 4	 32	 952	
79	 3	 53	 4319	
87	 17	 79	 11752	
83	 3	 69	 7601	
86	 13	 60	 14856	
91	 5	 5	 4	
74	 3	 31	 3161	
77	 2	 24	 15985	
78	 3	 72	 6171	
74	 4	 2	 2025	
78	 4	 81	 14399	
86	 19	 82	 13335	
90	 3	 90	 9592	
75	 11	 43	 13498	
79	 13	 62	 12183	
84	 17	 87	 3448	
4	 8	 34	 4704	
80	 5	 85	 10417	
83	 16	 67	 16276	
87	 14	 57	 10788	
90	 17	 22	 13828	
2	 3	 85	 14525	
76	 2	 28	 16212	
3	 5	 90	 14134	
5	 19	 48	 2235	
1	 18	 45	 2934	
74	 3	 51	 3030	
76	 15	 21	 16345	
86	 5	 85	 13703	
2	 4	 87	 1499	
3	 15	 67	 12629	
90	 5	 75	 9485	
0	 18	 43	 13366	
3	 17	 15	 7147	
3	 10	 7	 310	
85	 17	 20	 14134	
4	 17	 12	 9971	
80	 7	 49	 2549	
85	 19	 81	 10670	
80	 5	 90	 2982	
3	 4	 69	 16626	
5	 19	 0	 13555	
87	 4	 77	 12359	
85	 15	 73	 12272	
78	 3	 86	 1265	
89	 9	 22	 1009	
80	 18	 40	 6108	
91	 14	 55	 17276	
91	 3	 32	 18224	
85	 7	 48	 12923	
80	 15	 33	 17677	
82	 3	 76	 14558	
83	 17	 8	 14895	
4	 3	 87	 14119	
77	 0	 21	 16042	
88	 19	 53	 17176	
90	 6	 33	 10010	
76	 4	 81	 14024	
83	 3	 79	 14649	
78	 7	 39	 9745	
5	 15	 70	 14789	
90	 4	 2	 2526	
77	 4	 53	 12974	
89	 17	 12	 9811	
0	 5	 63	 8962	
91	 3	 70	 18165	
5	 19	 51	 5545	
90	 0	 18	 5771	
76	 14	 40	 4679	
82	 17	 7	 8460	
5	 3	 68	 11247	
75	 15	 23	 9172	
79	 5	 63	 12676	
87	 3	 86	 17118	
78	 7	 40	 9458	
76	 7	 52	 2504	
0	 3	 5	 7718	
82	 17	 90	 16530	
4	 15	 13	 15260	
0	 0	 22	 5002	
74	 15	 21	 1640	
3	 12	 65	 3075	
76	 3	 1	 435	
84	 5	 77	 2109	
81	 0	 19	 16755	
87	 18	 45	 15170	
78	 15	 67	 14408	
84	 3	 52	 15024	
5	 3	 85	 2872	
90	 17	 76	 4890	
77	 15	 69	 15418	
76	 14	 59	 8017	
75	 4	 89	 14761	
78	 19	 51	 701	
1	 18	 53	 9808	
78	 3	 52	 15234	
89	 19	 51	 7193	
84	 7	 40	 8917	
78	 7	 52	 9244	
2	 9	 15	 12777	
83	 15	 20	 3475	
82	 19	 80	 15433	
75	 3	 76	 16987	
87	 6	 35	 17682	
90	 4	 82	 7973	
88	 3	 40	 12961	
86	 4	 36	 9547	
86	 17	 6	 12645	
82	 9	 20	 4032	
78	 9	 22	 7063	
76	 4	 77	 17032	
1	 3	 73	 15734	
0	 17	 21	 2192	
90	 15	 72	 17649	
81	 3	 36	 9858	
3	 17	 18	 5469	
88	 11	 45	 4101	
87	 5	 78	 7067	
83	 4	 90	 3919	
83	 18	 65	 14944	
79	 17	 75	 7793	
89	 4	 85	 14206	
1	 7	 40	 13789	
77	 15	 30	 14031	
4	 15	 35	 7797	
79	 3	 52	 4349	
82	 17	 75	 6410	
78	 15	 70	 15017	
84	 3	 33	 9842	
90	 18	 40	 14188	
77	 7	 51	 7041	
77	 17	 87	 1148	
76	 4	 52	 9848	
4	 15	 14	 11471	
88	 13	 63	 4030	
0	 5	 88	 6474	
83	 17	 9	 15813	
1	 14	 41	 5246	
79	 11	 44	 11252	
75	 9	 12	 16119	
80	 16	 66	 13118	
81	 14	 40	 12559	
81	 5	 0	 14762	
3	 19	 51	 6147	
5	 9	 21	 16580	
89	 0	 20	 11895	
79	 18	 42	 8457	
74	 17	 76	 12067	
83	 17	 1	 9829	
78	 3	 66	 7198	
84	 4	 88	 5217	
86	 14	 38	 1387	
86	 18	 47	 24	
85	 7	 51	 13761	
86	 15	 14	 2399	
1	 4	 70	 4960	
2	 18	 44	 16859	
86	 7	 49	 6719	
4	 5	 65	 16425	
80	 17	 4	 2063	
87	 17	 16	 9666	
90	 5	 82	 10560	
75	 4	 76	 15236	
90	 9	 20	 13554	
91	 5	 89	 7263	
74	 15	 68	 2213	
80	 19	 81	 4315	
4	 16	 71	 1115	
80	 5	 76	 7565	
91	 0	 21	 7016	
80	 15	 68	 15207	
80	 7	 48	 16457	
84	 4	 89	 12291	
2	 19	 83	 5555	
87	 17	 78	 1023	
3	 17	 79	 7336	
84	 3	 50	 1284	
81	 17	 81	 8119	
2	 7	 52	 15615	
80	 18	 64	 501	
75	 15	 21	 10563	
5	 4	 40	 4684	
3	 5	 76	 9860	
80	 4	 33	 1649	
78	 4	 80	 16440	
88	 15	 68	 13861	
1	 3	 85	 10503	
78	 10	 7	 15518	
78	 3	 71	 3834	
83	 8	 35	 13180	
81	 3	 89	 7455	
5	 3	 51	 15931	
4	 4	 31	 3099	
1	 14	 38	 7024	
90	 19	 88	 397	
85	 4	 3	 848	
0	 2	 24	 13336	
77	 17	 83	 5707	
76	 18	 63	 12973	
3	 19	 89	 15328	
0	 6	 32	 10797	
76	 15	 69	 14120	
80	 0	 13	 8651	
5	 17	 22	 10522	
77	 3	 2	 16570	
79	 4	 0	 2953	
3	 0	 13	 6644	
89	 3	 79	 6073	
5	 18	 43	 788	
80	 4	 82	 1977	
89	 3	 66	 16148	
0	 3	 37	 1534	
90	 1	 8	 12665	
76	 5	 61	 5105	
80	 7	 38	 9782	
80	 15	 66	 10804	
91	 17	 90	 13837	
81	 5	 83	 16581	
91	 4	 31	 6127	
86	 7	 50	 9236	
89	 4	 2	 3255	
0	 7	 38	 2082	
1	 6	 32	 232	
4	 9	 15	 5585	
76	 0	 16	 2893	
79	 7	 49	 14768	
78	 14	 54	 13066	
0	 18	 47	 4781	
0	 3	 37	 6735	
83	 10	 11	 12062	
82	 18	 42	 11681	
90	 11	 44	 14755	
5	 18	 41	 942	
82	 3	 48	 13781	
82	 11	 47	 7086	
1	 5	 76	 8677	
74	 10	 10	 17594	
74	 17	 17	 3685	
76	 3	 3	 7708	
80	 2	 25	 13675	
90	 4	 83	 11376	
87	 13	 64	 4183	
76	 1	 10	 14122	
2	 3	 38	 11222	
83	 14	 40	 10997	
89	 17	 5	 15702	
2	 7	 50	 9232	
90	 4	 39	 908	
76	 18	 51	 18235	
2	 0	 13	 3647	
88	 4	 72	 45	
78	 5	 80	 7966	
87	 18	 41	 9716	
88	 17	 10	 9531	
1	 18	 63	 14010	
74	 4	 3	 12219	
84	 3	 50	 3757	
77	 0	 18	 9735	
91	 4	 86	 12017	
80	 17	 15	 6869	
87	 2	 29	 13090	
83	 18	 64	 4193	
78	 5	 65	 5532	
83	 15	 35	 2150	
2	 5	 63	 7257	
88	 17	 84	 17362	
4	 19	 87	 10945	
1	 3	 91	 1996	
86	 15	 21	 5895	
2	 0	 18	 13586	
78	 18	 64	 11861	
83	 0	 12	 13574	
76	 4	 34	 15756	
82	 5	 82	 16072	
79	 3	 2	 4873	
78	 19	 77	 16655	
1	 17	 15	 7965	
81	 2	 25	 8054	
0	 4	 77	 10810	
82	 14	 41	 7265	
90	 3	 79	 17942	
84	 2	 29	 14990	
1	 15	 71	 470	
3	 14	 37	 9875	
5	 10	 10	 11509	
78	 14	 57	 17549	
91	 4	 81	 8609	
80	 17	 76	 17608	
76	 4	 31	 11964	
80	 18	 51	 12964	
91	 3	 76	 1991	
74	 0	 18	 2066	
91	 4	 88	 7517	
88	 5	 0	 1138	
76	 17	 81	 13658	
81	 19	 82	 373	
77	 11	 47	 16136	
3	 4	 35	 12410	
83	 17	 80	 6649	
4	 0	 21	 704	
79	 6	 32	 16685	
5	 17	 21	 9933	
81	 4	 81	 4312	
88	 1	 7	 12991	
0	 19	 77	 4306	
85	 3	 35	 8013	
82	 7	 37	 11082	
91	 18	 65	 8406	
75	 4	 35	 8009	
5	 3	 51	 2672	
91	 18	 40	 1608	
78	 17	 0	 5032	
2	 17	 77	 14237	
78	 5	 89	 6993	
4	 19	 80	 9821	
81	 4	 39	 4617	
88	 7	 41	 15131	
81	 3	 70	 11162	
75	 17	 9	 7633	
74	 18	 37	 14950	
86	 3	 83	 83	
82	 10	 8	 8235	
1	 4	 49	 11674	
87	 17	 84	 4543	
85	 12	 60	 679	
87	 5	 65	 8454	
74	 0	 14	 9420	
82	 10	 8	 13857	
91	 3	 68	 11362	
0	 12	 61	 6805	
77	 14	 59	 15546	
1	 13	 63	 14887	
5	 16	 70	 3434	
81	 3	 86	 17933	
75	 15	 35	 7679	
3	 4	 1	 9395	
4	 19	 53	 12453	
83	 15	 13	 17415	
82	 17	 4	 3174	
1	 4	 50	 12919	
89	 14	 36	 6042	
1	 18	 46	 1458	
3	 5	 81	 16493	
87	 18	 48	 759	
91	 14	 56	 17196	
77	 5	 65	 6289	
3	 4	 50	 4719	
4	 12	 63	 7063	
3	 7	 37	 1651	
81	 19	 86	 1686	
82	 15	 14	 15855	
79	 3	 49	 22	
78	 16	 71	 2088	
4	 4	 1	 17827	
88	 7	 38	 16685	
1	 11	 42	 1075	
85	 15	 33	 14088	
2	 17	 10	 884	
77	 3	 37	 7079	
91	 4	 34	 4707	
4	 5	 80	 526	
0	 8	 35	 349	
4	 4	 70	 8905	
1	 4	 86	 15168	
1	 3	 37	 15625	
2	 19	 77	 2944	
77	 5	 75	 13098	
78	 7	 49	 8920	
84	 7	 53	 2257	
89	 14	 59	 11854	
88	 14	 58	 8233	
5	 7	 49	 12209	
79	 5	 87	 13718	
75	 18	 38	 293	
86	 15	 22	 11190	
77	 18	 43	 11142	
81	 18	 53	 4778	
76	 4	 78	 3530	
4	 17	 22	 2110	
80	 5	 79	 17460	
90	 9	 20	 6161	
74	 17	 84	 6504	
77	 0	 14	 8050	
75	 18	 64	 10050	
0	 15	 17	 8419	
85	 13	 61	 1345	
87	 17	 89	 8116	
89	 3	 87	 7462	
89	 4	 41	 13321	
1	 4	 5	 8878	
80	 5	 3	 12222	
4	 19	 88	 9875	
4	 4	 32	 17075	
88	 5	 75	 5823	
86	 17	 80	 14617	
3	 4	 77	 10062	
79	 18	 61	 15034	
82	 9	 23	 5407	
86	 0	 19	 6162	
84	 17	 23	 16886	
3	 18	 51	 8242	
5	 15	 19	 9378	
83	 18	 53	 1230	
84	 4	 86	 3891	
75	 3	 77	 9471	
0	 3	 67	 2395	
2	 6	 32	 3050	
84	 17	 9	 361	
74	 4	 89	 1922	
78	 19	 77	 2073	
74	 6	 35	 7249	
77	 7	 40	 8066	
86	 13	 64	 4984	
88	 15	 30	 17328	
3	 17	 74	 1124	
89	 10	 6	 7086	
88	 0	 13	 11901	
74	 4	 3	 18133	
78	 4	 91	 447	
78	 7	 36	 2355	
75	 15	 68	 16328	
82	 17	 91	 9118	
82	 8	 32	 9852	
79	 17	 79	 11554	
80	 10	 7	 3481	
88	 3	 68	 5884	
84	 16	 67	 375	
77	 1	 10	 16836	
0	 19	 74	 9024	
85	 17	 76	 3777	
74	 19	 2	 10584	
88	 5	 77	 735	
81	 4	 86	 5593	
74	 19	 90	 9699	
76	 9	 17	 6875	
75	 13	 62	 10231	
5	 6	 30	 11470	
79	 0	 22	 10185	
83	 10	 8	 5697	
91	 16	 71	 5063	
82	 12	 64	 10375	
0	 15	 12	 10330	
84	 18	 45	 1843	
5	 5	 90	 10065	
5	 19	 85	 1454	
79	 5	 91	 3804	
86	 19	 0	 8613	
4	 19	 49	 1110	
85	 15	 34	 16384	
89	 4	 31	 13357	
90	 5	 4	 10289	
79	 14	 37	 8034	
86	 7	 38	 9288	
1	 17	 91	 12012	
0	 17	 74	 4118	
4	 7	 51	 1741	
79	 10	 11	 14695	
88	 18	 48	 7631	
91	 6	 35	 10561	
84	 19	 82	 5874	
5	 6	 35	 603	
87	 15	 22	 5484	
80	 5	 89	 13798	
84	 3	 90	 15463	
81	 17	 89	 7687	
90	 4	 40	 7144	
89	 3	 81	 10426	
86	 18	 63	 15605	
4	 15	 30	 5142	
0	 19	 50	 17198	
79	 14	 58	 10942	
90	 18	 51	 4946	
88	 19	 87	 7309	
77	 17	 3	 16656	
87	 15	 72	 887	
74	 5	 0	 1523	
5	 13	 61	 14317	
1	 4	 49	 11132	
87	 3	 88	 3412	
5	 7	 36	 12039	
77	 8	 31	 6666	
1	 18	 65	 2770	
5	 4	 81	 7227	
4	 15	 30	 751	
88	 6	 30	 4469	
77	 14	 57	 6990	
76	 18	 42	 3799	
83	 19	 79	 13283	
86	 17	 20	 7665	
84	 18	 47	 4701	
91	 7	 37	 9822	
77	 4	 76	 1636	
3	 4	 1	 1164	
89	 4	 79	 11503	
76	 8	 34	 15695	
0	 17	 12	 9886	
81	 2	 25	 17930	
82	 1	 11	 17699	
80	 9	 23	 2105	
80	 18	 47	 6096	
79	 11	 46	 16251	
0	 4	 38	 5791	
75	 15	 33	 15397	
88	 0	 22	 8595	
76	 15	 23	 7889	
75	 16	 69	 1259	
82	 13	 64	 11972	
86	 4	 48	 5569	
87	 4	 34	 16692	
77	 11	 46	 4852	
4	 14	 55	 13343	
86	 17	 12	 17730	
87	 3	 67	 16571	
83	 5	 90	 5339	
82	 15	 30	 15308	
3	 7	 49	 1135	
0	 4	 75	 7520	
80	 15	 68	 3142	
82	 17	 86	 17304	
90	 13	 61	 10089	
78	 15	 34	 9200	
74	 18	 65	 14742	
77	 2	 28	 1753	
3	 14	 54	 13194	
91	 3	 34	 15453	
84	 9	 20	 17188	
83	 0	 22	 11387	
74	 19	 79	 4334	
79	 18	 60	 13146	
91	 18	 65	 7646	
89	 14	 39	 2760	
82	 7	 36	 16845	
77	 17	 18	 15745	
89	 15	 18	 10934	
81	 5	 60	 5974	
77	 14	 55	 8240	
3	 19	 1	 14731	
74	 4	 75	 14332	
90	 5	 1	 2934	
3	 3	 1	 6373	
84	 0	 16	 8115	
83	 19	 81	 10390	
89	 3	 76	 1889	
88	 4	 77	 765	
0	 17	 77	 11158	
83	 5	 84	 8639	
80	 3	 67	 16861	
77	 18	 65	 7132	
5	 4	 41	 10741	
85	 19	 83	 15892	
79	 5	 85	 1997	
5	 19	 78	 3159	
75	 4	 77	 2236	
0	 17	 79	 12522	
91	 12	 61	 5008	
1	 9	 22	 11834	
90	 5	 81	 15677	
3	 18	 48	 9336	
1	 2	 27	 14211	
85	 4	 2	 18030	
77	 14	 39	 14719	
81	 10	 9	 12186	
91	 18	 50	 3707	
74	 5	 75	 17256	
86	 3	 70	 5866	
4	 19	 87	 13213	
76	 16	 73	 17058	
77	 18	 63	 12862	
87	 4	 5	 11395	
79	 5	 83	 1624	
77	 18	 46	 13465	
5	 4	 3	 8908	
89	 15	 20	 15596	
74	 7	 38	 11805	
91	 5	 81	 7170	
87	 3	 70	 15516	
75	 11	 46	 14579	
81	 3	 2	 11806	
87	 17	 86	 8589	
74	 15	 71	 12651	
91	 14	 41	 16609	
4	 12	 60	 5613	
84	 3	 3	 8382	
78	 4	 91	 17401	
88	 19	 83	 9839	
0	 17	 91	 9472	
85	 3	 5	 16464	
85	 9	 19	 15793	
91	 14	 40	 7332	
77	 0	 17	 3748	
87	 19	 77	 7262	
91	 3	 52	 18117	
74	 4	 50	 16181	
85	 3	 32	 8574	
87	 18	 36	 7295	
2	 12	 60	 16409	
80	 17	 87	 18047	
77	 17	 6	 12801	
76	 11	 46	 3238	
79	 19	 90	 12181	
85	 14	 36	 12820	
89	 19	 82	 2071	
87	 3	 40	 2776	
81	 17	 7	 2622	
74	 17	 79	 4467	
76	 5	 86	 15491	
89	 18	 37	 4821	
79	 12	 60	 9834	
90	 11	 42	 16122	
80	 7	 40	 11494	
81	 17	 11	 16380	
4	 15	 12	 6361	
80	 15	 14	 11854	
84	 5	 77	 1070	
86	 4	 38	 3957	
3	 5	 74	 15631	
4	 11	 46	 845	
0	 17	 13	 17495	
0	 4	 76	 17168	
0	 3	 74	 2653	
88	 11	 44	 604	
74	 13	 61	 8721	
88	 4	 40	 12689	
5	 19	 84	 4868	
88	 18	 46	 18252	
90	 14	 40	 6189	
80	 17	 12	 13595	
74	 4	 34	 14137	
2	 19	 48	 7900	
81	 4	 2	 12160	
89	 19	 85	 6149	
86	 3	 85	 8749	
90	 3	 80	 17911	
89	 1	 6	 13414	
4	 3	 83	 17820	
1	 4	 30	 14165	
84	 2	 29	 2291	
84	 3	 72	 5018	
0	 15	 73	 11121	
5	 19	 0	 17112	
85	 18	 48	 8278	
4	 7	 49	 17274	
2	 6	 34	 1004	
89	 19	 88	 16038	
87	 18	 45	 8053	
91	 13	 63	 13414	
75	 17	 2	 11193	
75	 3	 38	 4249	
5	 9	 23	 15697	
81	 4	 37	 6054	
1	 1	 7	 6606	
75	 16	 71	 9545	
76	 6	 35	 14310	
88	 18	 52	 644	
80	 9	 19	 16071	
4	 11	 46	 124	
91	 6	 33	 18133	
76	 17	 81	 1131	
90	 3	 75	 2423	
84	 14	 36	 14182	
74	 18	 65	 1132	
77	 18	 63	 13932	
84	 10	 7	 231	
89	 8	 33	 9893	
85	 13	 64	 7501	
0	 19	 2	 6964	
80	 16	 68	 4177	
0	 4	 35	 13981	
78	 5	 76	 7910	
88	 19	 5	 13941	
88	 19	 90	 13453	
75	 4	 0	 11762	
83	 15	 15	 14217	
82	 19	 75	 9898	
90	 4	 78	 10346	
5	 17	 86	 8469	
77	 15	 22	 10021	
79	 17	 6	 1524	
75	 3	 81	 9329	
1	 4	 72	 11438	
85	 17	 86	 14776	
77	 14	 55	 16434	
87	 9	 23	 3515	
76	 6	 35	 11694	
79	 17	 22	 4843	
85	 15	 19	 6074	
5	 14	 38	 939	
86	 14	 39	 14071	
82	 8	 30	 8708	
2	 5	 88	 16687	
74	 5	 81	 3768	
90	 12	 65	 7217	
79	 4	 32	 17837	
91	 17	 82	 13972	
91	 4	 69	 3600	
90	 19	 74	 11909	
77	 17	 84	 4612	
80	 4	 39	 10922	
3	 13	 63	 5813	
77	 17	 87	 13434	
77	 15	 18	 1022	
3	 5	 77	 5059	
1	 17	 14	 3704	
79	 17	 16	 5202	
80	 13	 62	 14883	
5	 9	 15	 12325	
2	 5	 0	 14545	
88	 9	 12	 16030	
88	 16	 67	 2181	
86	 3	 34	 8022	
82	 4	 1	 2687	
77	 10	 11	 5820	
90	 9	 23	 1856	
5	 17	 17	 141	
79	 19	 75	 13209	
88	 18	 39	 12723	
86	 3	 69	 11158	
83	 19	 77	 13551	
86	 12	 65	 8149	
89	 10	 9	 5153	
