4	7129
4	7130
7	7131
7	7132
9	7133
10	7134
12	7135
14	7136
14	7137
15	7138
15	7139
16	7140
16	7141
17	7142
21	7143
25	7144
25	7145
26	7146
30	7147
30	7148
33	7149
35	7150
35	7151
38	7152
39	7153
39	7154
40	7155
41	7156
43	7157
43	7158
49	7159
49	7160
51	7161
52	7162
58	7163
60	7164
61	7165
61	7166
71	7167
73	7168
73	7169
77	7170
78	7171
79	7172
79	7173
80	7174
80	7175
81	7176
82	7177
87	7178
87	7179
88	7180
89	7181
96	7182
96	7183
97	7184
98	7185
101	7186
102	7187
103	7188
103	7189
105	7190
105	7191
119	7192
120	7193
121	7194
122	7195
122	7196
124	7197
125	7198
127	7199
131	7200
133	7201
134	7202
135	7203
140	7204
142	7205
142	7206
146	7207
148	7208
149	7209
150	7210
150	7211
151	7212
152	7213
154	7214
156	7215
160	7216
161	7217
162	7218
162	7219
165	7220
165	7221
167	7222
167	7223
176	7224
180	7225
181	7226
183	7227
183	7228
186	7229
187	7230
187	7231
189	7232
190	7233
195	7234
195	7235
196	7236
196	7237
197	7238
198	7239
198	7240
200	7241
201	7242
201	7243
203	7244
204	7245
206	7246
206	7247
207	7248
208	7249
208	7250
210	7251
210	7252
211	7253
216	7254
218	7255
218	7256
221	7257
221	7258
223	7259
224	7260
224	7261
225	7262
231	7263
234	7264
234	7265
236	7266
241	7267
242	7268
243	7269
243	7270
246	7271
246	7272
247	7273
256	7274
256	7275
258	7276
258	7277
259	7278
266	7279
266	7280
267	7281
269	7282
269	7283
270	7284
270	7285
271	7286
271	7287
272	7288
276	7289
277	7290
279	7291
281	7292
288	7293
288	7294
290	7295
292	7296
292	7297
293	7298
299	7299
299	7300
301	7301
302	7302
306	7303
307	7304
310	7305
312	7306
313	7307
313	7308
319	7309
319	7310
320	7311
321	7312
328	7313
331	7314
331	7315
334	7316
335	7317
335	7318
337	7319
337	7320
340	7321
340	7322
341	7323
344	7324
346	7325
348	7326
348	7327
349	7328
350	7329
351	7330
358	7331
360	7332
362	7333
362	7334
364	7335
364	7336
365	7337
365	7338
369	7339
370	7340
370	7341
373	7342
373	7343
374	7344
376	7345
378	7346
379	7347
379	7348
380	7349
384	7350
386	7351
388	7352
390	7353
391	7354
391	7355
392	7356
393	7357
394	7358
395	7359
396	7360
399	7361
399	7362
404	7363
405	7364
405	7365
408	7366
408	7367
409	7368
411	7369
412	7370
413	7371
413	7372
414	7373
414	7374
418	7375
418	7376
424	7377
425	7378
428	7379
429	7380
431	7381
432	7382
432	7383
433	7384
435	7385
436	7386
442	7387
445	7388
446	7389
449	7390
453	7391
454	7392
455	7393
461	7394
461	7395
463	7396
464	7397
464	7398
465	7399
465	7400
467	7401
467	7402
470	7403
471	7404
472	7405
472	7406
476	7407
477	7408
480	7409
481	7410
481	7411
482	7412
484	7413
487	7414
487	7415
489	7416
492	7417
492	7418
494	7419
494	7420
496	7421
498	7422
499	7423
500	7424
500	7425
506	7426
507	7427
509	7428
509	7429
511	7430
514	7431
515	7432
516	7433
517	7434
518	7435
519	7436
520	7437
522	7438
522	7439
525	7440
525	7441
528	7442
530	7443
530	7444
531	7445
532	7446
533	7447
533	7448
534	7449
535	7450
538	7451
543	7452
546	7453
546	7454
548	7455
548	7456
549	7457
552	7458
553	7459
553	7460
554	7461
554	7462
555	7463
555	7464
556	7465
557	7466
560	7467
561	7468
561	7469
564	7470
566	7471
567	7472
574	7473
577	7474
578	7475
580	7476
580	7477
582	7478
584	7479
587	7480
590	7481
591	7482
592	7483
592	7484
593	7485
594	7486
594	7487
595	7488
595	7489
596	7490
598	7491
599	7492
599	7493
603	7494
604	7495
604	7496
605	7497
606	7498
607	7499
607	7500
608	7501
609	7502
609	7503
610	7504
612	7505
612	7506
613	7507
614	7508
620	7509
622	7510
622	7511
623	7512
623	7513
624	7514
627	7515
628	7516
628	7517
631	7518
633	7519
634	7520
634	7521
636	7522
644	7523
644	7524
646	7525
647	7526
649	7527
650	7528
654	7529
656	7530
656	7531
657	7532
660	7533
662	7534
663	7535
665	7536
666	7537
672	7538
674	7539
676	7540
680	7541
680	7542
683	7543
684	7544
687	7545
687	7546
689	7547
690	7548
695	7549
697	7550
699	7551
703	7552
703	7553
707	7554
708	7555
709	7556
710	7557
710	7558
711	7559
712	7560
715	7561
715	7562
718	7563
727	7564
729	7565
730	7566
731	7567
732	7568
735	7569
736	7570
738	7571
742	7572
745	7573
746	7574
747	7575
748	7576
751	7577
753	7578
753	7579
754	7580
756	7581
758	7582
759	7583
760	7584
762	7585
763	7586
764	7587
765	7588
766	7589
766	7590
768	7591
769	7592
772	7593
774	7594
781	7595
784	7596
785	7597
786	7598
786	7599
788	7600
789	7601
789	7602
791	7603
792	7604
796	7605
796	7606
803	7607
804	7608
805	7609
806	7610
807	7611
809	7612
810	7613
811	7614
813	7615
814	7616
814	7617
815	7618
816	7619
817	7620
819	7621
821	7622
824	7623
828	7624
829	7625
831	7626
831	7627
833	7628
834	7629
835	7630
836	7631
838	7632
838	7633
840	7634
843	7635
843	7636
846	7637
846	7638
852	7639
853	7640
854	7641
855	7642
858	7643
865	7644
865	7645
867	7646
868	7647
868	7648
870	7649
870	7650
872	7651
874	7652
874	7653
875	7654
876	7655
877	7656
879	7657
882	7658
887	7659
887	7660
890	7661
894	7662
898	7663
900	7664
901	7665
903	7666
903	7667
906	7668
908	7669
908	7670
909	7671
910	7672
911	7673
912	7674
913	7675
916	7676
918	7677
920	7678
920	7679
921	7680
921	7681
922	7682
922	7683
926	7684
928	7685
936	7686
936	7687
942	7688
946	7689
947	7690
947	7691
948	7692
949	7693
952	7694
952	7695
953	7696
954	7697
956	7698
956	7699
957	7700
958	7701
959	7702
960	7703
960	7704
961	7705
966	7706
967	7707
970	7708
973	7709
974	7710
976	7711
976	7712
978	7713
979	7714
985	7715
991	7716
992	7717
993	7718
994	7719
994	7720
995	7721
997	7722
998	7723
998	7724
1000	7725
1001	7726
1001	7727
1002	7728
1004	7729
1005	7730
1006	7731
1006	7732
1007	7733
1007	7734
1010	7735
1012	7736
1022	7737
1023	7738
1023	7739
1025	7740
1026	7741
1027	7742
1031	7743
1032	7744
1035	7745
1036	7746
1039	7747
1040	7748
1041	7749
1044	7750
1046	7751
1046	7752
1047	7753
1048	7754
1052	7755
1052	7756
1055	7757
1055	7758
1057	7759
1061	7760
1064	7761
1065	7762
1068	7763
1068	7764
1069	7765
1070	7766
1071	7767
1071	7768
1072	7769
1075	7770
1075	7771
1076	7772
1077	7773
1081	7774
1086	7775
1088	7776
1090	7777
1090	7778
1092	7779
1094	7780
1099	7781
1100	7782
1101	7783
1103	7784
1104	7785
1105	7786
1105	7787
1107	7788
1112	7789
1113	7790
1114	7791
1114	7792
1116	7793
1118	7794
1119	7795
1120	7796
1121	7797
1123	7798
1127	7799
1127	7800
1128	7801
1132	7802
1133	7803
1133	7804
1135	7805
1136	7806
1138	7807
1139	7808
1140	7809
1141	7810
1143	7811
1145	7812
1148	7813
1149	7814
1152	7815
1153	7816
1155	7817
1159	7818
1161	7819
1162	7820
1163	7821
1167	7822
1169	7823
1169	7824
1170	7825
1170	7826
1171	7827
1172	7828
1173	7829
1173	7830
1174	7831
1174	7832
1177	7833
1177	7834
1178	7835
1178	7836
1179	7837
1179	7838
1181	7839
1181	7840
1182	7841
1183	7842
1184	7843
1186	7844
1187	7845
1189	7846
1191	7847
1195	7848
1195	7849
1196	7850
1196	7851
1198	7852
1198	7853
1199	7854
1199	7855
1202	7856
1203	7857
1203	7858
1204	7859
1205	7860
1205	7861
1206	7862
1206	7863
1208	7864
1209	7865
1209	7866
1211	7867
1211	7868
1214	7869
1214	7870
1215	7871
1217	7872
1218	7873
1221	7874
1223	7875
1224	7876
1225	7877
1228	7878
1233	7879
1233	7880
1234	7881
1234	7882
1235	7883
1235	7884
1237	7885
1238	7886
1239	7887
1240	7888
1243	7889
1244	7890
1245	7891
1246	7892
1247	7893
1247	7894
1248	7895
1250	7896
1251	7897
1251	7898
1252	7899
1253	7900
1256	7901
1257	7902
1257	7903
1260	7904
1261	7905
1262	7906
1264	7907
1266	7908
1266	7909
1267	7910
1269	7911
1270	7912
1273	7913
1273	7914
1274	7915
1274	7916
1275	7917
1276	7918
1277	7919
1278	7920
1279	7921
1282	7922
1282	7923
1283	7924
1284	7925
1286	7926
1286	7927
1288	7928
1292	7929
1293	7930
1294	7931
1294	7932
1295	7933
1296	7934
1297	7935
1298	7936
1300	7937
1302	7938
1303	7939
1303	7940
1305	7941
1309	7942
1310	7943
1310	7944
1313	7945
1313	7946
1315	7947
1316	7948
1319	7949
1319	7950
1321	7951
1322	7952
1322	7953
1323	7954
1324	7955
1325	7956
1337	7957
1338	7958
1338	7959
1339	7960
1340	7961
1342	7962
1345	7963
1347	7964
1348	7965
1348	7966
1350	7967
1351	7968
1351	7969
1352	7970
1352	7971
1353	7972
1354	7973
1356	7974
1357	7975
1357	7976
1358	7977
1358	7978
1359	7979
1359	7980
1361	7981
1367	7982
1375	7983
1376	7984
1377	7985
1380	7986
1381	7987
1381	7988
1382	7989
1382	7990
1383	7991
1386	7992
1386	7993
1387	7994
1388	7995
1390	7996
1391	7997
1392	7998
1395	7999
1397	8000
1398	8001
1398	8002
1400	8003
1404	8004
1404	8005
1405	8006
1406	8007
1412	8008
1412	8009
1413	8010
1414	8011
1414	8012
1415	8013
1417	8014
1417	8015
1419	8016
1419	8017
1421	8018
1423	8019
1424	8020
1424	8021
1425	8022
1425	8023
1428	8024
1429	8025
1429	8026
1431	8027
1431	8028
1432	8029
1433	8030
1435	8031
1438	8032
1439	8033
1439	8034
1440	8035
1440	8036
1441	8037
1442	8038
1443	8039
1443	8040
1444	8041
1445	8042
1450	8043
1452	8044
1453	8045
1453	8046
1454	8047
1454	8048
1456	8049
1456	8050
1460	8051
1461	8052
1463	8053
1464	8054
1464	8055
1465	8056
1467	8057
1467	8058
1469	8059
1475	8060
1475	8061
1478	8062
1479	8063
1480	8064
1482	8065
1482	8066
1486	8067
1487	8068
1489	8069
1490	8070
1491	8071
1491	8072
1492	8073
1492	8074
1494	8075
1495	8076
1496	8077
1496	8078
1497	8079
1502	8080
1505	8081
1505	8082
1510	8083
1511	8084
1514	8085
1517	8086
1518	8087
1519	8088
1519	8089
1523	8090
1523	8091
1524	8092
1528	8093
1528	8094
1531	8095
1532	8096
1533	8097
1536	8098
1536	8099
1537	8100
1537	8101
1538	8102
1541	8103
1541	8104
1543	8105
1544	8106
1546	8107
1549	8108
1549	8109
1550	8110
1552	8111
1552	8112
1553	8113
1556	8114
1559	8115
1560	8116
1562	8117
1564	8118
1566	8119
1567	8120
1567	8121
1569	8122
1572	8123
1573	8124
1575	8125
1576	8126
1577	8127
1577	8128
1578	8129
1578	8130
1579	8131
1580	8132
1582	8133
1582	8134
1583	8135
1583	8136
1585	8137
1585	8138
1587	8139
1588	8140
1588	8141
1591	8142
1594	8143
1594	8144
1595	8145
1596	8146
1598	8147
1599	8148
1600	8149
1602	8150
1603	8151
1604	8152
1607	8153
1607	8154
1608	8155
1610	8156
1610	8157
1612	8158
1614	8159
1616	8160
1616	8161
1618	8162
1619	8163
1619	8164
1621	8165
1622	8166
1622	8167
1624	8168
1624	8169
1626	8170
1626	8171
1627	8172
1628	8173
1629	8174
1630	8175
1630	8176
1631	8177
1634	8178
1635	8179
1636	8180
1637	8181
1639	8182
1640	8183
1640	8184
1641	8185
1643	8186
1644	8187
1646	8188
1647	8189
1647	8190
1650	8191
1650	8192
1654	8193
1656	8194
1657	8195
1660	8196
1661	8197
1662	8198
1667	8199
1669	8200
1669	8201
1673	8202
1675	8203
1676	8204
1677	8205
1677	8206
1681	8207
1682	8208
1685	8209
1685	8210
1686	8211
1688	8212
1689	8213
1693	8214
1694	8215
1694	8216
1696	8217
1696	8218
1697	8219
1701	8220
1701	8221
1704	8222
1705	8223
1708	8224
1709	8225
1710	8226
1710	8227
1714	8228
1715	8229
1715	8230
1716	8231
1720	8232
1721	8233
1722	8234
1728	8235
1729	8236
1731	8237
1735	8238
1737	8239
1739	8240
1740	8241
1741	8242
1741	8243
1742	8244
1748	8245
1748	8246
1749	8247
1749	8248
1750	8249
1750	8250
1758	8251
1758	8252
1760	8253
1760	8254
1761	8255
1764	8256
1764	8257
1766	8258
1769	8259
1773	8260
1774	8261
1775	8262
1778	8263
1779	8264
1781	8265
1784	8266
1784	8267
1786	8268
1789	8269
1791	8270
1791	8271
1792	8272
1793	8273
1795	8274
1798	8275
1798	8276
1801	8277
1806	8278
1806	8279
1807	8280
1807	8281
1808	8282
1809	8283
1810	8284
1810	8285
1811	8286
1812	8287
1814	8288
1816	8289
1818	8290
1818	8291
1819	8292
1821	8293
1821	8294
1822	8295
1823	8296
1823	8297
1824	8298
1824	8299
1825	8300
1825	8301
1826	8302
1826	8303
1828	8304
1828	8305
1830	8306
1832	8307
1832	8308
1833	8309
1834	8310
1835	8311
1836	8312
1836	8313
1837	8314
1838	8315
1838	8316
1841	8317
1847	8318
1847	8319
1852	8320
1854	8321
1855	8322
1855	8323
1856	8324
1859	8325
1859	8326
1860	8327
1861	8328
1863	8329
1867	8330
1870	8331
1871	8332
1872	8333
1875	8334
1876	8335
1876	8336
1877	8337
1884	8338
1885	8339
1885	8340
1886	8341
1886	8342
1892	8343
1893	8344
1895	8345
1897	8346
1899	8347
1901	8348
1901	8349
1902	8350
1904	8351
1904	8352
1906	8353
1907	8354
1907	8355
1908	8356
1910	8357
1912	8358
1913	8359
1913	8360
1916	8361
1918	8362
1921	8363
1921	8364
1924	8365
1925	8366
1927	8367
1931	8368
1937	8369
1938	8370
1940	8371
1943	8372
1943	8373
1944	8374
1945	8375
1947	8376
1948	8377
1950	8378
1950	8379
1951	8380
1951	8381
1955	8382
1956	8383
1956	8384
1958	8385
1960	8386
1962	8387
1962	8388
1965	8389
1965	8390
1966	8391
1966	8392
1967	8393
1970	8394
1971	8395
1971	8396
1973	8397
1973	8398
1974	8399
1974	8400
1975	8401
1975	8402
1976	8403
1977	8404
1978	8405
1978	8406
1982	8407
1985	8408
1987	8409
1989	8410
1989	8411
1990	8412
1991	8413
1992	8414
1993	8415
1993	8416
1994	8417
1998	8418
2001	8419
2001	8420
2002	8421
2004	8422
2004	8423
2005	8424
2005	8425
2006	8426
2008	8427
2009	8428
2009	8429
2010	8430
2012	8431
2012	8432
2015	8433
2015	8434
2016	8435
2017	8436
2017	8437
2018	8438
2021	8439
2021	8440
2022	8441
2023	8442
2023	8443
2024	8444
2024	8445
2025	8446
2025	8447
2027	8448
2028	8449
2028	8450
2030	8451
2030	8452
2032	8453
2033	8454
2036	8455
2037	8456
2038	8457
2038	8458
2039	8459
2039	8460
2041	8461
2041	8462
2042	8463
2042	8464
2043	8465
2043	8466
2045	8467
2046	8468
2046	8469
2047	8470
2048	8471
2048	8472
2049	8473
2053	8474
2054	8475
2056	8476
2056	8477
2057	8478
2057	8479
2062	8480
2062	8481
2063	8482
2064	8483
2064	8484
2065	8485
2066	8486
2066	8487
2067	8488
2067	8489
2068	8490
2072	8491
2072	8492
2074	8493
2074	8494
2076	8495
2076	8496
2077	8497
2078	8498
2078	8499
2080	8500
2082	8501
2082	8502
2083	8503
2083	8504
2084	8505
2088	8506
2089	8507
2090	8508
2090	8509
2091	8510
2092	8511
2093	8512
2093	8513
2096	8514
2098	8515
2098	8516
2099	8517
2099	8518
2102	8519
2103	8520
2104	8521
2107	8522
2112	8523
2114	8524
2115	8525
2116	8526
2116	8527
2117	8528
2118	8529
2118	8530
2121	8531
2122	8532
2123	8533
2123	8534
2126	8535
2128	8536
2128	8537
2129	8538
2130	8539
2130	8540
2132	8541
2135	8542
2135	8543
2137	8544
2140	8545
2140	8546
2145	8547
2146	8548
2147	8549
2150	8550
2150	8551
2151	8552
2151	8553
2153	8554
2153	8555
2157	8556
2158	8557
2159	8558
2163	8559
2163	8560
2166	8561
2166	8562
2173	8563
2173	8564
2174	8565
2174	8566
2179	8567
2179	8568
2180	8569
2187	8570
2189	8571
2190	8572
2190	8573
2191	8574
2192	8575
2192	8576
2194	8577
2196	8578
2196	8579
2197	8580
2200	8581
2205	8582
2213	8583
2214	8584
2220	8585
2220	8586
2221	8587
2222	8588
2224	8589
2231	8590
2232	8591
2233	8592
2234	8593
2236	8594
2237	8595
2240	8596
2242	8597
2242	8598
2246	8599
2247	8600
2248	8601
2249	8602
2249	8603
2250	8604
2252	8605
2252	8606
2253	8607
2254	8608
2256	8609
2256	8610
2257	8611
2257	8612
2259	8613
2262	8614
2263	8615
2263	8616
2264	8617
2265	8618
2265	8619
2266	8620
2266	8621
2268	8622
2269	8623
2271	8624
2271	8625
2275	8626
2278	8627
2279	8628
2280	8629
2281	8630
2282	8631
2284	8632
2284	8633
2287	8634
2288	8635
2289	8636
2289	8637
2291	8638
2292	8639
2293	8640
2294	8641
2297	8642
2299	8643
2300	8644
2302	8645
2303	8646
2303	8647
2305	8648
2313	8649
2313	8650
2315	8651
2316	8652
2317	8653
2317	8654
2321	8655
2321	8656
2322	8657
2326	8658
2328	8659
2328	8660
2329	8661
2331	8662
2334	8663
2335	8664
2336	8665
2336	8666
2338	8667
2338	8668
2340	8669
2341	8670
2342	8671
2345	8672
2345	8673
2346	8674
2347	8675
2348	8676
2348	8677
2354	8678
2355	8679
2355	8680
2356	8681
2357	8682
2359	8683
2359	8684
2360	8685
2361	8686
2364	8687
2366	8688
2369	8689
2371	8690
2372	8691
2373	8692
2374	8693
2374	8694
2375	8695
2382	8696
2382	8697
2383	8698
2385	8699
2386	8700
2386	8701
2387	8702
2390	8703
2391	8704
2392	8705
2395	8706
2398	8707
2399	8708
2400	8709
2401	8710
2401	8711
2403	8712
2405	8713
2405	8714
2406	8715
2407	8716
2408	8717
2411	8718
2412	8719
2414	8720
2417	8721
2417	8722
2418	8723
2419	8724
2419	8725
2420	8726
2423	8727
2425	8728
2425	8729
2427	8730
2427	8731
2429	8732
2430	8733
2430	8734
2431	8735
2435	8736
2436	8737
2437	8738
2440	8739
2441	8740
2441	8741
2442	8742
2444	8743
2445	8744
2445	8745
2446	8746
2446	8747
2450	8748
2452	8749
2455	8750
2461	8751
2461	8752
2464	8753
2464	8754
2465	8755
2468	8756
2469	8757
2472	8758
2473	8759
2474	8760
2476	8761
2477	8762
2482	8763
2483	8764
2484	8765
2485	8766
2488	8767
2489	8768
2492	8769
2492	8770
2493	8771
2493	8772
2494	8773
2494	8774
2495	8775
2496	8776
2499	8777
2499	8778
2500	8779
2500	8780
2501	8781
2501	8782
2506	8783
2506	8784
2509	8785
2509	8786
2511	8787
2512	8788
2514	8789
2516	8790
2519	8791
2519	8792
2522	8793
2522	8794
2523	8795
2527	8796
2532	8797
2532	8798
2534	8799
2534	8800
2539	8801
2539	8802
2543	8803
2543	8804
2546	8805
2547	8806
2547	8807
2548	8808
2548	8809
2549	8810
2551	8811
2552	8812
2552	8813
2554	8814
2554	8815
2555	8816
2555	8817
2557	8818
2558	8819
2559	8820
2559	8821
2560	8822
2562	8823
2563	8824
2565	8825
2565	8826
2569	8827
2571	8828
2572	8829
2573	8830
2575	8831
2576	8832
2577	8833
2579	8834
2579	8835
2580	8836
2580	8837
2581	8838
2582	8839
2582	8840
2583	8841
2584	8842
2584	8843
2585	8844
2586	8845
2586	8846
2589	8847
2589	8848
2593	8849
2596	8850
2598	8851
2599	8852
2599	8853
2600	8854
2600	8855
2603	8856
2604	8857
2604	8858
2606	8859
2606	8860
2610	8861
2610	8862
2611	8863
2611	8864
2614	8865
2620	8866
2621	8867
2622	8868
2624	8869
2624	8870
2625	8871
2627	8872
2629	8873
2630	8874
2630	8875
2631	8876
2632	8877
2633	8878
2633	8879
2634	8880
2635	8881
2637	8882
2637	8883
2638	8884
2638	8885
2639	8886
2641	8887
2645	8888
2649	8889
2649	8890
2654	8891
2654	8892
2656	8893
2656	8894
2662	8895
2665	8896
2665	8897
2668	8898
2670	8899
2671	8900
2671	8901
2675	8902
2676	8903
2676	8904
2678	8905
2687	8906
2693	8907
2693	8908
2695	8909
2696	8910
2698	8911
2698	8912
2699	8913
2700	8914
2701	8915
2702	8916
2702	8917
2703	8918
2703	8919
2706	8920
2707	8921
2710	8922
2712	8923
2714	8924
2714	8925
2716	8926
2719	8927
2721	8928
2721	8929
2722	8930
2723	8931
2725	8932
2726	8933
2729	8934
2730	8935
2730	8936
2732	8937
2737	8938
2737	8939
2738	8940
2740	8941
2741	8942
2742	8943
2743	8944
2744	8945
2744	8946
2745	8947
2745	8948
2747	8949
2750	8950
2750	8951
2751	8952
2752	8953
2752	8954
2753	8955
2754	8956
2755	8957
2755	8958
2759	8959
2760	8960
2760	8961
2761	8962
2761	8963
2762	8964
2762	8965
2763	8966
2763	8967
2764	8968
2764	8969
2766	8970
2766	8971
2770	8972
2772	8973
2773	8974
2775	8975
2776	8976
2776	8977
2777	8978
2777	8979
2778	8980
2781	8981
2781	8982
2782	8983
2782	8984
2785	8985
2785	8986
2787	8987
2787	8988
2792	8989
2795	8990
2800	8991
2800	8992
2802	8993
2802	8994
2805	8995
2805	8996
2806	8997
2806	8998
2807	8999
2808	9000
2808	9001
2810	9002
2810	9003
2811	9004
2815	9005
2815	9006
2817	9007
2817	9008
2818	9009
2818	9010
2826	9011
2829	9012
2832	9013
2833	9014
2834	9015
2835	9016
2836	9017
2837	9018
2840	9019
2841	9020
2841	9021
2842	9022
2846	9023
2847	9024
2848	9025
2851	9026
2851	9027
2853	9028
2854	9029
2859	9030
2859	9031
2861	9032
2861	9033
2862	9034
2869	9035
2871	9036
2873	9037
2873	9038
2874	9039
2882	9040
2886	9041
2889	9042
2889	9043
2890	9044
2892	9045
2893	9046
2893	9047
2895	9048
2897	9049
2898	9050
2898	9051
2899	9052
2900	9053
2903	9054
2905	9055
2906	9056
2906	9057
2908	9058
2909	9059
2910	9060
2911	9061
2911	9062
2914	9063
2914	9064
2915	9065
2919	9066
2920	9067
2923	9068
2926	9069
2926	9070
2928	9071
2929	9072
2931	9073
2932	9074
2932	9075
2933	9076
2934	9077
2936	9078
2937	9079
2938	9080
2939	9081
2939	9082
2940	9083
2947	9084
2950	9085
2954	9086
2956	9087
2959	9088
2960	9089
2960	9090
2965	9091
2965	9092
2966	9093
2971	9094
2973	9095
2975	9096
2976	9097
2976	9098
2978	9099
2978	9100
2980	9101
2980	9102
2981	9103
2981	9104
2984	9105
2986	9106
2989	9107
2990	9108
2990	9109
2991	9110
2994	9111
2996	9112
2996	9113
2999	9114
3000	9115
3000	9116
3001	9117
3002	9118
3006	9119
3006	9120
3007	9121
3009	9122
3009	9123
3011	9124
3011	9125
3014	9126
3016	9127
3016	9128
3019	9129
3019	9130
3020	9131
3020	9132
3023	9133
3024	9134
3024	9135
3027	9136
3029	9137
3029	9138
3030	9139
3031	9140
3033	9141
3035	9142
3036	9143
3037	9144
3038	9145
3038	9146
3040	9147
3041	9148
3042	9149
3043	9150
3045	9151
3051	9152
3054	9153
3056	9154
3058	9155
3059	9156
3059	9157
3061	9158
3061	9159
3063	9160
3064	9161
3065	9162
3065	9163
3066	9164
3066	9165
3070	9166
3075	9167
3077	9168
3081	9169
3082	9170
3082	9171
3084	9172
3084	9173
3089	9174
3093	9175
3097	9176
3100	9177
3100	9178
3101	9179
3106	9180
3107	9181
3111	9182
3111	9183
3117	9184
3120	9185
3120	9186
3121	9187
3121	9188
3123	9189
3123	9190
3124	9191
3126	9192
3126	9193
3130	9194
3130	9195
3132	9196
3139	9197
3140	9198
3141	9199
3143	9200
3149	9201
3150	9202
3152	9203
3154	9204
3157	9205
3158	9206
3162	9207
3163	9208
3164	9209
3164	9210
3166	9211
3167	9212
3169	9213
3170	9214
3170	9215
3171	9216
3171	9217
3173	9218
3173	9219
3174	9220
3174	9221
3175	9222
3175	9223
3176	9224
3177	9225
3177	9226
3178	9227
3180	9228
3180	9229
3181	9230
3182	9231
3182	9232
3183	9233
3185	9234
3186	9235
3187	9236
3190	9237
3192	9238
3195	9239
3197	9240
3199	9241
3199	9242
3200	9243
3200	9244
3203	9245
3204	9246
3207	9247
3208	9248
3209	9249
3209	9250
3210	9251
3210	9252
3213	9253
3213	9254
3215	9255
3215	9256
3216	9257
3218	9258
3221	9259
3222	9260
3227	9261
3228	9262
3230	9263
3230	9264
3231	9265
3232	9266
3233	9267
3233	9268
3234	9269
3235	9270
3239	9271
3239	9272
3241	9273
3241	9274
3242	9275
3242	9276
3246	9277
3247	9278
3248	9279
3248	9280
3250	9281
3250	9282
3252	9283
3252	9284
3253	9285
3257	9286
3257	9287
3258	9288
3258	9289
3259	9290
3261	9291
3262	9292
3262	9293
3264	9294
3264	9295
3267	9296
3267	9297
3270	9298
3274	9299
3275	9300
3275	9301
3280	9302
3283	9303
3283	9304
3284	9305
3285	9306
3287	9307
3289	9308
3289	9309
3290	9310
3291	9311
3291	9312
3293	9313
3298	9314
3298	9315
3299	9316
3300	9317
3301	9318
3302	9319
3302	9320
3303	9321
3304	9322
3305	9323
3310	9324
3311	9325
3311	9326
3313	9327
3314	9328
3316	9329
3320	9330
3321	9331
3324	9332
3324	9333
3326	9334
3329	9335
3331	9336
3332	9337
3333	9338
3339	9339
3339	9340
3341	9341
3341	9342
3344	9343
3345	9344
3345	9345
3347	9346
3352	9347
3353	9348
3356	9349
3358	9350
3358	9351
3361	9352
3362	9353
3362	9354
3363	9355
3363	9356
3364	9357
3364	9358
3365	9359
3366	9360
3367	9361
3368	9362
3372	9363
3372	9364
3374	9365
3374	9366
3376	9367
3380	9368
3381	9369
3384	9370
3386	9371
3386	9372
3387	9373
3387	9374
3388	9375
3390	9376
3397	9377
3397	9378
3398	9379
3402	9380
3402	9381
3403	9382
3407	9383
3407	9384
3408	9385
3408	9386
3409	9387
3411	9388
3415	9389
3416	9390
3416	9391
3417	9392
3418	9393
3418	9394
3420	9395
3424	9396
3427	9397
3430	9398
3431	9399
3431	9400
3433	9401
3437	9402
3437	9403
3438	9404
3439	9405
3439	9406
3440	9407
3440	9408
3443	9409
3444	9410
3448	9411
3448	9412
3449	9413
3451	9414
3452	9415
3454	9416
3457	9417
3458	9418
3459	9419
3459	9420
3460	9421
3464	9422
3464	9423
3465	9424
3465	9425
3466	9426
3468	9427
3469	9428
3472	9429
3473	9430
3474	9431
3477	9432
3477	9433
3478	9434
3485	9435
3486	9436
3486	9437
3492	9438
3492	9439
3493	9440
3493	9441
3495	9442
3496	9443
3496	9444
3497	9445
3499	9446
3501	9447
3503	9448
3503	9449
3505	9450
3508	9451
3510	9452
3511	9453
3511	9454
3513	9455
3516	9456
3520	9457
3520	9458
3521	9459
3522	9460
3524	9461
3525	9462
3527	9463
3528	9464
3529	9465
3530	9466
3530	9467
3531	9468
3531	9469
3532	9470
3532	9471
3537	9472
3539	9473
3539	9474
3543	9475
3547	9476
3550	9477
3555	9478
3557	9479
3560	9480
3562	9481
3563	9482
3565	9483
3567	9484
3567	9485
3569	9486
3570	9487
3577	9488
3577	9489
3578	9490
3579	9491
3579	9492
3580	9493
3581	9494
3582	9495
3584	9496
3584	9497
3585	9498
3590	9499
3591	9500
3593	9501
3593	9502
3595	9503
3595	9504
3597	9505
3598	9506
3598	9507
3599	9508
3601	9509
3601	9510
3605	9511
3606	9512
3606	9513
3608	9514
3610	9515
3611	9516
3612	9517
3614	9518
3615	9519
3616	9520
3617	9521
3619	9522
3622	9523
3624	9524
3625	9525
3626	9526
3628	9527
3631	9528
3632	9529
3633	9530
3635	9531
3636	9532
3637	9533
3642	9534
3643	9535
3645	9536
3649	9537
3649	9538
3654	9539
3655	9540
3658	9541
3659	9542
3660	9543
3660	9544
3661	9545
3662	9546
3663	9547
3663	9548
3667	9549
3668	9550
3669	9551
3672	9552
3672	9553
3674	9554
3674	9555
3675	9556
3675	9557
3676	9558
3676	9559
3677	9560
3681	9561
3683	9562
3683	9563
3685	9564
3695	9565
3696	9566
3697	9567
3698	9568
3700	9569
3700	9570
3701	9571
3703	9572
3710	9573
3710	9574
3711	9575
3714	9576
3719	9577
3719	9578
3720	9579
3729	9580
3729	9581
3732	9582
3736	9583
3737	9584
3737	9585
3738	9586
3740	9587
3741	9588
3741	9589
3749	9590
3749	9591
3751	9592
3752	9593
3752	9594
3754	9595
3754	9596
3755	9597
3758	9598
3759	9599
3761	9600
3763	9601
3765	9602
3766	9603
3769	9604
3769	9605
3770	9606
3771	9607
3773	9608
3773	9609
3775	9610
3775	9611
3776	9612
3780	9613
3780	9614
3782	9615
3786	9616
3786	9617
3787	9618
3788	9619
3788	9620
3791	9621
3791	9622
3793	9623
3798	9624
3799	9625
3799	9626
3800	9627
3801	9628
3801	9629
3802	9630
3802	9631
3803	9632
3805	9633
3808	9634
3808	9635
3811	9636
3812	9637
3813	9638
3813	9639
3814	9640
3815	9641
3815	9642
3817	9643
3817	9644
3819	9645
3820	9646
3823	9647
3825	9648
3826	9649
3830	9650
3831	9651
3831	9652
3832	9653
3832	9654
3833	9655
3836	9656
3837	9657
3838	9658
3839	9659
3840	9660
3840	9661
3844	9662
3850	9663
3852	9664
3853	9665
3853	9666
3854	9667
3854	9668
3856	9669
3856	9670
3858	9671
3858	9672
3859	9673
3861	9674
3862	9675
3862	9676
3863	9677
3863	9678
3865	9679
3866	9680
3867	9681
3871	9682
3872	9683
3874	9684
3877	9685
3877	9686
3880	9687
3882	9688
3882	9689
3884	9690
3887	9691
3888	9692
3891	9693
3893	9694
3894	9695
3895	9696
3895	9697
3898	9698
3899	9699
3899	9700
3902	9701
3906	9702
3906	9703
3907	9704
3909	9705
3909	9706
3910	9707
3912	9708
3913	9709
3914	9710
3915	9711
3919	9712
3919	9713
3920	9714
3920	9715
3922	9716
3923	9717
3924	9718
3925	9719
3927	9720
3927	9721
3929	9722
3930	9723
3930	9724
3931	9725
3932	9726
3933	9727
3934	9728
3935	9729
3936	9730
3937	9731
3937	9732
3938	9733
3939	9734
3941	9735
3945	9736
3947	9737
3950	9738
3950	9739
3955	9740
3960	9741
3961	9742
3961	9743
3963	9744
3965	9745
3966	9746
3966	9747
3967	9748
3967	9749
3968	9750
3970	9751
3970	9752
3971	9753
3972	9754
3972	9755
3975	9756
3976	9757
3977	9758
3978	9759
3979	9760
3979	9761
3980	9762
3981	9763
3983	9764
3984	9765
3984	9766
3986	9767
3988	9768
3989	9769
3989	9770
3992	9771
3995	9772
3997	9773
3998	9774
3999	9775
3999	9776
4002	9777
4002	9778
4007	9779
4009	9780
4012	9781
4015	9782
4015	9783
4017	9784
4017	9785
4020	9786
4025	9787
4025	9788
4029	9789
4030	9790
4030	9791
4036	9792
4039	9793
4040	9794
4048	9795
4050	9796
4051	9797
4052	9798
4056	9799
4059	9800
4060	9801
4063	9802
4064	9803
4064	9804
4065	9805
4065	9806
4070	9807
4071	9808
4075	9809
4075	9810
4076	9811
4076	9812
4079	9813
4081	9814
4084	9815
4084	9816
4086	9817
4089	9818
4091	9819
4093	9820
4094	9821
4094	9822
4096	9823
4096	9824
4098	9825
4099	9826
4102	9827
4103	9828
4103	9829
4104	9830
4107	9831
4108	9832
4109	9833
4110	9834
4111	9835
4111	9836
4112	9837
4113	9838
4114	9839
4118	9840
4118	9841
4121	9842
4123	9843
4125	9844
4125	9845
4126	9846
4126	9847
4127	9848
4129	9849
4129	9850
4132	9851
4134	9852
4134	9853
4135	9854
4135	9855
4137	9856
4138	9857
4144	9858
4144	9859
4150	9860
4152	9861
4152	9862
4153	9863
4153	9864
4154	9865
4155	9866
4157	9867
4161	9868
4164	9869
4164	9870
4169	9871
4169	9872
4171	9873
4174	9874
4174	9875
4175	9876
4175	9877
4176	9878
4176	9879
4177	9880
4177	9881
4182	9882
4182	9883
4183	9884
4184	9885
4185	9886
4186	9887
4188	9888
4189	9889
4189	9890
4190	9891
4190	9892
4191	9893
4192	9894
4195	9895
4195	9896
4196	9897
4197	9898
4200	9899
4200	9900
4205	9901
4205	9902
4212	9903
4212	9904
4216	9905
4217	9906
4217	9907
4219	9908
4220	9909
4220	9910
4221	9911
4221	9912
4222	9913
4222	9914
4224	9915
4226	9916
4226	9917
4228	9918
4228	9919
4229	9920
4230	9921
4231	9922
4233	9923
4234	9924
4234	9925
4240	9926
4240	9927
4245	9928
4245	9929
4246	9930
4252	9931
4258	9932
4258	9933
4259	9934
4260	9935
4263	9936
4264	9937
4266	9938
4269	9939
4270	9940
4271	9941
4276	9942
4279	9943
4282	9944
4284	9945
4287	9946
4287	9947
4290	9948
4291	9949
4292	9950
4295	9951
4297	9952
4298	9953
4299	9954
4299	9955
4302	9956
4303	9957
4303	9958
4304	9959
4305	9960
4305	9961
4308	9962
4308	9963
4309	9964
4311	9965
4312	9966
4314	9967
4317	9968
4321	9969
4321	9970
4323	9971
4323	9972
4325	9973
4325	9974
4332	9975
4337	9976
4338	9977
4338	9978
4339	9979
4343	9980
4344	9981
4346	9982
4346	9983
4351	9984
4351	9985
4355	9986
4356	9987
4356	9988
4357	9989
4358	9990
4359	9991
4361	9992
4361	9993
4369	9994
4370	9995
4374	9996
4374	9997
4377	9998
4377	9999
4378	10000
4380	10001
4380	10002
4381	10003
4382	10004
4384	10005
4384	10006
4385	10007
4386	10008
4386	10009
4387	10010
4389	10011
4392	10012
4394	10013
4394	10014
4395	10015
4396	10016
4398	10017
4399	10018
4399	10019
4405	10020
4406	10021
4408	10022
4408	10023
4409	10024
4412	10025
4414	10026
4414	10027
4415	10028
4419	10029
4421	10030
4422	10031
4422	10032
4425	10033
4425	10034
4426	10035
4426	10036
4430	10037
4430	10038
4431	10039
4432	10040
4432	10041
4434	10042
4435	10043
4438	10044
4440	10045
4440	10046
4442	10047
4445	10048
4447	10049
4447	10050
4448	10051
4448	10052
4449	10053
4451	10054
4452	10055
4455	10056
4459	10057
4459	10058
4460	10059
4462	10060
4463	10061
4465	10062
4465	10063
4468	10064
4470	10065
4470	10066
4472	10067
4473	10068
4476	10069
4478	10070
4479	10071
4481	10072
4482	10073
4483	10074
4484	10075
4485	10076
4486	10077
4486	10078
4487	10079
4487	10080
4489	10081
4489	10082
4490	10083
4493	10084
4496	10085
4499	10086
4500	10087
4500	10088
4501	10089
4501	10090
4502	10091
4503	10092
4507	10093
4508	10094
4508	10095
4511	10096
4512	10097
4512	10098
4514	10099
4515	10100
4516	10101
4517	10102
4519	10103
4519	10104
4520	10105
4520	10106
4522	10107
4522	10108
4523	10109
4523	10110
4525	10111
4525	10112
4527	10113
4527	10114
4529	10115
4531	10116
4533	10117
4534	10118
4535	10119
4538	10120
4538	10121
4540	10122
4542	10123
4544	10124
4545	10125
4545	10126
4546	10127
4552	10128
4556	10129
4556	10130
4557	10131
4557	10132
4560	10133
4563	10134
4564	10135
4564	10136
4565	10137
4565	10138
4566	10139
4568	10140
4568	10141
4572	10142
4575	10143
4575	10144
4577	10145
4583	10146
4583	10147
4584	10148
4584	10149
4586	10150
4586	10151
4587	10152
4589	10153
4600	10154
4600	10155
4606	10156
4607	10157
4608	10158
4609	10159
4609	10160
4610	10161
4610	10162
4612	10163
4612	10164
4615	10165
4617	10166
4619	10167
4620	10168
4620	10169
4621	10170
4622	10171
4626	10172
4627	10173
4630	10174
4630	10175
4633	10176
4637	10177
4638	10178
4642	10179
4646	10180
4646	10181
4647	10182
4649	10183
4649	10184
4652	10185
4653	10186
4654	10187
4655	10188
4655	10189
4656	10190
4657	10191
4658	10192
4658	10193
4659	10194
4661	10195
4661	10196
4664	10197
4665	10198
4665	10199
4666	10200
4667	10201
4667	10202
4668	10203
4669	10204
4674	10205
4676	10206
4676	10207
4677	10208
4679	10209
4682	10210
4684	10211
4688	10212
4691	10213
4691	10214
4697	10215
4698	10216
4698	10217
4705	10218
4707	10219
4709	10220
4713	10221
4713	10222
4714	10223
4714	10224
4715	10225
4716	10226
4719	10227
4720	10228
4721	10229
4722	10230
4722	10231
4723	10232
4724	10233
4724	10234
4725	10235
4726	10236
4731	10237
4732	10238
4732	10239
4733	10240
4733	10241
4741	10242
4742	10243
4745	10244
4747	10245
4747	10246
4749	10247
4754	10248
4757	10249
4758	10250
4760	10251
4760	10252
4763	10253
4764	10254
4765	10255
4765	10256
4768	10257
4768	10258
4770	10259
4771	10260
4771	10261
4773	10262
4773	10263
4774	10264
4775	10265
4777	10266
4777	10267
4778	10268
4780	10269
4780	10270
4783	10271
4784	10272
4786	10273
4786	10274
4787	10275
4787	10276
4789	10277
4790	10278
4797	10279
4802	10280
4803	10281
4803	10282
4804	10283
4804	10284
4809	10285
4813	10286
4814	10287
4817	10288
4817	10289
4818	10290
4819	10291
4819	10292
4820	10293
4823	10294
4825	10295
4829	10296
4831	10297
4835	10298
4836	10299
4837	10300
4837	10301
4838	10302
4839	10303
4839	10304
4843	10305
4843	10306
4845	10307
4845	10308
4846	10309
4849	10310
4850	10311
4850	10312
4856	10313
4859	10314
4860	10315
4861	10316
4861	10317
4862	10318
4865	10319
4867	10320
4868	10321
4870	10322
4871	10323
4871	10324
4872	10325
4873	10326
4873	10327
4874	10328
4875	10329
4877	10330
4877	10331
4881	10332
4881	10333
4886	10334
4891	10335
4892	10336
4892	10337
4898	10338
4900	10339
4900	10340
4902	10341
4902	10342
4905	10343
4906	10344
4907	10345
4908	10346
4908	10347
4909	10348
4910	10349
4910	10350
4913	10351
4917	10352
4918	10353
4918	10354
4921	10355
4925	10356
4926	10357
4928	10358
4928	10359
4931	10360
4932	10361
4936	10362
4937	10363
4941	10364
4943	10365
4943	10366
4945	10367
4945	10368
4947	10369
4947	10370
4949	10371
4949	10372
4951	10373
4952	10374
4952	10375
4955	10376
4956	10377
4957	10378
4958	10379
4958	10380
4959	10381
4960	10382
4964	10383
4964	10384
4968	10385
4975	10386
4977	10387
4978	10388
4979	10389
4980	10390
4981	10391
4982	10392
4986	10393
4987	10394
4988	10395
4991	10396
4993	10397
4993	10398
4994	10399
4994	10400
4995	10401
4998	10402
4999	10403
5001	10404
5001	10405
5003	10406
5005	10407
5006	10408
5008	10409
5010	10410
5010	10411
5011	10412
5011	10413
5012	10414
5012	10415
5013	10416
5014	10417
5015	10418
5016	10419
5016	10420
5018	10421
5018	10422
5019	10423
5020	10424
5021	10425
5024	10426
5027	10427
5028	10428
5028	10429
5031	10430
5033	10431
5041	10432
5045	10433
5045	10434
5046	10435
5047	10436
5047	10437
5048	10438
5048	10439
5049	10440
5053	10441
5054	10442
5055	10443
5059	10444
5059	10445
5060	10446
5060	10447
5061	10448
5064	10449
5065	10450
5066	10451
5068	10452
5070	10453
5072	10454
5073	10455
5073	10456
5074	10457
5074	10458
5075	10459
5080	10460
5080	10461
5082	10462
5084	10463
5084	10464
5087	10465
5088	10466
5090	10467
5090	10468
5092	10469
5094	10470
5094	10471
5095	10472
5096	10473
5097	10474
5098	10475
5098	10476
5099	10477
5100	10478
5100	10479
5101	10480
5102	10481
5103	10482
5104	10483
5108	10484
5109	10485
5111	10486
5111	10487
5113	10488
5115	10489
5116	10490
5116	10491
5117	10492
5117	10493
5119	10494
5119	10495
5121	10496
5123	10497
5126	10498
5126	10499
5127	10500
5129	10501
5130	10502
5130	10503
5132	10504
5132	10505
5136	10506
5136	10507
5137	10508
5137	10509
5140	10510
5140	10511
5141	10512
5141	10513
5142	10514
5144	10515
5145	10516
5145	10517
5146	10518
5150	10519
5151	10520
5151	10521
5152	10522
5153	10523
5153	10524
5154	10525
5155	10526
5157	10527
5159	10528
5159	10529
5161	10530
5164	10531
5170	10532
5172	10533
5172	10534
5174	10535
5174	10536
5177	10537
5179	10538
5179	10539
5183	10540
5183	10541
5184	10542
5186	10543
5186	10544
5189	10545
5190	10546
5190	10547
5192	10548
5192	10549
5195	10550
5197	10551
5201	10552
5207	10553
5209	10554
5210	10555
5210	10556
5216	10557
5222	10558
5222	10559
5223	10560
5223	10561
5224	10562
5228	10563
5231	10564
5232	10565
5233	10566
5234	10567
5235	10568
5235	10569
5236	10570
5237	10571
5242	10572
5244	10573
5244	10574
5250	10575
5250	10576
5251	10577
5252	10578
5254	10579
5254	10580
5255	10581
5255	10582
5259	10583
5265	10584
5265	10585
5268	10586
5268	10587
5270	10588
5271	10589
5273	10590
5274	10591
5275	10592
5279	10593
5280	10594
5280	10595
5281	10596
5283	10597
5283	10598
5286	10599
5288	10600
5288	10601
5289	10602
5290	10603
5292	10604
5292	10605
5295	10606
5296	10607
5296	10608
5298	10609
5303	10610
5304	10611
5304	10612
5308	10613
5309	10614
5310	10615
5311	10616
5313	10617
5313	10618
5314	10619
5314	10620
5315	10621
5318	10622
5318	10623
5319	10624
5319	10625
5320	10626
5320	10627
5321	10628
5325	10629
5328	10630
5328	10631
5333	10632
5336	10633
5337	10634
5337	10635
5338	10636
5339	10637
5343	10638
5344	10639
5344	10640
5348	10641
5349	10642
5349	10643
5351	10644
5351	10645
5353	10646
5354	10647
5355	10648
5356	10649
5356	10650
5358	10651
5359	10652
5360	10653
5360	10654
5361	10655
5361	10656
5368	10657
5368	10658
5371	10659
5372	10660
5372	10661
5378	10662
5379	10663
5380	10664
5382	10665
5383	10666
5384	10667
5385	10668
5385	10669
5386	10670
5390	10671
5390	10672
5391	10673
5394	10674
5394	10675
5398	10676
5399	10677
5400	10678
5406	10679
5408	10680
5408	10681
5409	10682
5412	10683
5412	10684
5414	10685
5415	10686
5416	10687
5418	10688
5418	10689
5420	10690
5421	10691
5422	10692
5429	10693
5432	10694
5432	10695
5433	10696
5437	10697
5437	10698
5438	10699
5438	10700
5439	10701
5441	10702
5444	10703
5448	10704
5448	10705
5449	10706
5450	10707
5452	10708
5454	10709
5454	10710
5455	10711
5455	10712
5456	10713
5457	10714
5458	10715
5458	10716
5460	10717
5460	10718
5461	10719
5465	10720
5467	10721
5467	10722
5468	10723
5471	10724
5473	10725
5474	10726
5478	10727
5478	10728
5480	10729
5480	10730
5484	10731
5484	10732
5487	10733
5487	10734
5489	10735
5490	10736
5490	10737
5491	10738
5491	10739
5492	10740
5493	10741
5493	10742
5494	10743
5495	10744
5496	10745
5496	10746
5497	10747
5499	10748
5499	10749
5500	10750
5500	10751
5502	10752
5502	10753
5504	10754
5505	10755
5505	10756
5507	10757
5507	10758
5509	10759
5509	10760
5510	10761
5512	10762
5513	10763
5514	10764
5514	10765
5515	10766
5518	10767
5519	10768
5519	10769
5520	10770
5520	10771
5523	10772
5524	10773
5525	10774
5525	10775
5529	10776
5530	10777
5531	10778
5531	10779
5532	10780
5533	10781
5533	10782
5536	10783
5536	10784
5539	10785
5540	10786
5540	10787
5544	10788
5545	10789
5545	10790
5547	10791
5551	10792
5555	10793
5557	10794
5559	10795
5559	10796
5562	10797
5564	10798
5567	10799
5569	10800
5569	10801
5570	10802
5571	10803
5571	10804
5573	10805
5574	10806
5574	10807
5575	10808
5575	10809
5576	10810
5577	10811
5577	10812
5578	10813
5581	10814
5581	10815
5583	10816
5583	10817
5585	10818
5586	10819
5588	10820
5590	10821
5590	10822
5591	10823
5596	10824
5596	10825
5597	10826
5597	10827
5598	10828
5601	10829
5603	10830
5605	10831
5606	10832
5606	10833
5607	10834
5608	10835
5608	10836
5610	10837
5610	10838
5612	10839
5612	10840
5613	10841
5614	10842
5615	10843
5616	10844
5620	10845
5621	10846
5623	10847
5625	10848
5628	10849
5628	10850
5629	10851
5629	10852
5631	10853
5631	10854
5632	10855
5632	10856
5633	10857
5635	10858
5637	10859
5638	10860
5641	10861
5645	10862
5648	10863
5650	10864
5650	10865
5651	10866
5652	10867
5653	10868
5654	10869
5655	10870
5657	10871
5661	10872
5661	10873
5669	10874
5674	10875
5675	10876
5675	10877
5676	10878
5679	10879
5679	10880
5681	10881
5684	10882
5684	10883
5685	10884
5685	10885
5686	10886
5686	10887
5687	10888
5688	10889
5689	10890
5693	10891
5694	10892
5695	10893
5695	10894
5697	10895
5698	10896
5700	10897
5701	10898
5709	10899
5709	10900
5710	10901
5711	10902
5713	10903
5713	10904
5715	10905
5715	10906
5720	10907
5720	10908
5721	10909
5723	10910
5728	10911
5732	10912
5737	10913
5739	10914
5739	10915
5743	10916
5745	10917
5745	10918
5749	10919
5750	10920
5752	10921
5752	10922
5755	10923
5755	10924
5757	10925
5757	10926
5758	10927
5759	10928
5759	10929
5761	10930
5763	10931
5763	10932
5765	10933
5766	10934
5767	10935
5767	10936
5769	10937
5769	10938
5770	10939
5773	10940
5773	10941
5774	10942
5776	10943
5779	10944
5781	10945
5784	10946
5784	10947
5786	10948
5788	10949
5790	10950
5791	10951
5791	10952
5795	10953
5795	10954
5798	10955
5801	10956
5803	10957
5803	10958
5804	10959
5806	10960
5806	10961
5807	10962
5807	10963
5808	10964
5810	10965
5811	10966
5812	10967
5813	10968
5813	10969
5814	10970
5814	10971
5815	10972
5817	10973
5817	10974
5818	10975
5819	10976
5820	10977
5821	10978
5821	10979
5826	10980
5827	10981
5827	10982
5828	10983
5830	10984
5833	10985
5834	10986
5836	10987
5836	10988
5837	10989
5838	10990
5839	10991
5847	10992
5850	10993
5851	10994
5851	10995
5852	10996
5853	10997
5853	10998
5854	10999
5854	11000
5857	11001
5863	11002
5864	11003
5865	11004
5865	11005
5871	11006
5874	11007
5877	11008
5878	11009
5879	11010
5881	11011
5882	11012
5882	11013
5883	11014
5884	11015
5885	11016
5886	11017
5889	11018
5891	11019
5892	11020
5895	11021
5897	11022
5897	11023
5898	11024
5898	11025
5899	11026
5900	11027
5900	11028
5904	11029
5904	11030
5906	11031
5906	11032
5908	11033
5912	11034
5913	11035
5914	11036
5915	11037
5915	11038
5917	11039
5918	11040
5918	11041
5924	11042
5925	11043
5925	11044
5934	11045
5935	11046
5935	11047
5937	11048
5940	11049
5945	11050
5946	11051
5949	11052
5949	11053
5950	11054
5953	11055
5953	11056
5955	11057
5957	11058
5957	11059
5959	11060
5959	11061
5961	11062
5963	11063
5971	11064
5972	11065
5972	11066
5976	11067
5976	11068
5977	11069
5980	11070
5982	11071
5984	11072
5984	11073
5988	11074
5989	11075
5989	11076
5991	11077
5991	11078
5996	11079
6000	11080
6001	11081
6001	11082
6003	11083
6003	11084
6004	11085
6004	11086
6005	11087
6005	11088
6010	11089
6011	11090
6012	11091
6015	11092
6015	11093
6016	11094
6016	11095
6017	11096
6017	11097
6020	11098
6020	11099
6022	11100
6022	11101
6024	11102
6025	11103
6026	11104
6026	11105
6027	11106
6028	11107
6029	11108
6029	11109
6031	11110
6032	11111
6032	11112
6035	11113
6035	11114
6038	11115
6038	11116
6039	11117
6040	11118
6042	11119
6043	11120
6047	11121
6048	11122
6048	11123
6053	11124
6054	11125
6054	11126
6055	11127
6056	11128
6058	11129
6060	11130
6062	11131
6063	11132
6064	11133
6064	11134
6066	11135
6066	11136
6068	11137
6070	11138
6071	11139
6071	11140
6073	11141
6074	11142
6075	11143
6077	11144
6079	11145
6079	11146
6080	11147
6082	11148
6083	11149
6083	11150
6084	11151
6085	11152
6091	11153
6091	11154
6093	11155
6093	11156
6094	11157
6095	11158
6095	11159
6096	11160
6100	11161
6101	11162
6105	11163
6105	11164
6111	11165
6112	11166
6113	11167
6114	11168
6120	11169
6120	11170
6121	11171
6124	11172
6124	11173
6128	11174
6129	11175
6129	11176
6130	11177
6131	11178
6132	11179
6132	11180
6133	11181
6133	11182
6134	11183
6134	11184
6136	11185
6137	11186
6138	11187
6138	11188
6142	11189
6144	11190
6146	11191
6146	11192
6147	11193
6149	11194
6150	11195
6154	11196
6158	11197
6159	11198
6163	11199
6164	11200
6164	11201
6166	11202
6170	11203
6170	11204
6171	11205
6171	11206
6172	11207
6172	11208
6177	11209
6178	11210
6178	11211
6180	11212
6180	11213
6182	11214
6182	11215
6184	11216
6184	11217
6185	11218
6188	11219
6189	11220
6189	11221
6190	11222
6191	11223
6193	11224
6194	11225
6194	11226
6195	11227
6196	11228
6196	11229
6198	11230
6198	11231
6200	11232
6206	11233
6206	11234
6208	11235
6212	11236
6212	11237
6214	11238
6215	11239
6218	11240
6219	11241
6223	11242
6223	11243
6224	11244
6228	11245
6228	11246
6229	11247
6231	11248
6232	11249
6233	11250
6235	11251
6236	11252
6238	11253
6239	11254
6240	11255
6245	11256
6245	11257
6247	11258
6247	11259
6248	11260
6248	11261
6250	11262
6251	11263
6251	11264
6252	11265
6252	11266
6253	11267
6254	11268
6254	11269
6256	11270
6257	11271
6259	11272
6260	11273
6260	11274
6263	11275
6263	11276
6264	11277
6266	11278
6267	11279
6269	11280
6272	11281
6273	11282
6274	11283
6275	11284
6277	11285
6278	11286
6282	11287
6283	11288
6283	11289
6284	11290
6286	11291
6286	11292
6288	11293
6288	11294
6289	11295
6290	11296
6291	11297
6291	11298
6293	11299
6293	11300
6294	11301
6294	11302
6295	11303
6296	11304
6298	11305
6298	11306
6299	11307
6299	11308
6300	11309
6300	11310
6301	11311
6301	11312
6302	11313
6303	11314
6303	11315
6306	11316
6306	11317
6307	11318
6307	11319
6308	11320
6308	11321
6309	11322
6309	11323
6310	11324
6312	11325
6312	11326
6315	11327
6317	11328
6321	11329
6323	11330
6327	11331
6328	11332
6330	11333
6331	11334
6334	11335
6334	11336
6335	11337
6335	11338
6336	11339
6337	11340
6342	11341
6344	11342
6348	11343
6348	11344
6349	11345
6351	11346
6351	11347
6355	11348
6355	11349
6358	11350
6358	11351
6359	11352
6360	11353
6360	11354
6361	11355
6362	11356
6363	11357
6364	11358
6366	11359
6366	11360
6368	11361
6368	11362
6371	11363
6371	11364
6374	11365
6377	11366
6377	11367
6379	11368
6381	11369
6382	11370
6383	11371
6385	11372
6386	11373
6387	11374
6391	11375
6395	11376
6396	11377
6399	11378
6400	11379
6400	11380
6403	11381
6403	11382
6407	11383
6411	11384
6411	11385
6412	11386
6413	11387
6415	11388
6418	11389
6418	11390
6419	11391
6421	11392
6422	11393
6423	11394
6423	11395
6428	11396
6430	11397
6431	11398
6432	11399
6437	11400
6438	11401
6441	11402
6441	11403
6442	11404
6444	11405
6444	11406
6445	11407
6445	11408
6446	11409
6448	11410
6448	11411
6450	11412
6450	11413
6454	11414
6454	11415
6455	11416
6455	11417
6456	11418
6456	11419
6457	11420
6457	11421
6459	11422
6459	11423
6460	11424
6460	11425
6461	11426
6463	11427
6465	11428
6465	11429
6467	11430
6467	11431
6469	11432
6471	11433
6472	11434
6474	11435
6475	11436
6477	11437
6477	11438
6478	11439
6480	11440
6481	11441
6482	11442
6482	11443
6487	11444
6487	11445
6488	11446
6488	11447
6491	11448
6496	11449
6497	11450
6497	11451
6500	11452
6502	11453
6502	11454
6503	11455
6503	11456
6507	11457
6509	11458
6510	11459
6512	11460
6515	11461
6515	11462
6517	11463
6517	11464
6519	11465
6520	11466
6523	11467
6525	11468
6526	11469
6526	11470
6529	11471
6533	11472
6533	11473
6534	11474
6535	11475
6536	11476
6538	11477
6539	11478
6539	11479
6540	11480
6541	11481
6543	11482
6544	11483
6545	11484
6545	11485
6546	11486
6546	11487
6547	11488
6550	11489
6551	11490
6551	11491
6553	11492
6554	11493
6555	11494
6556	11495
6556	11496
6558	11497
6559	11498
6559	11499
6560	11500
6560	11501
6561	11502
6561	11503
6562	11504
6562	11505
6563	11506
6564	11507
6565	11508
6566	11509
6566	11510
6567	11511
6570	11512
6573	11513
6573	11514
6574	11515
6578	11516
6579	11517
6580	11518
6581	11519
6582	11520
6584	11521
6590	11522
6591	11523
6591	11524
6592	11525
6593	11526
6595	11527
6596	11528
6596	11529
6603	11530
6604	11531
6604	11532
6607	11533
6611	11534
6611	11535
6612	11536
6613	11537
6621	11538
6621	11539
6622	11540
6622	11541
6623	11542
6626	11543
6629	11544
6630	11545
6632	11546
6633	11547
6634	11548
6635	11549
6636	11550
6638	11551
6639	11552
6641	11553
6642	11554
6643	11555
6645	11556
6647	11557
6649	11558
6651	11559
6651	11560
6653	11561
6656	11562
6657	11563
6661	11564
6662	11565
6662	11566
6664	11567
6664	11568
6665	11569
6668	11570
6670	11571
6670	11572
6672	11573
6673	11574
6674	11575
6675	11576
6675	11577
6676	11578
6679	11579
6679	11580
6680	11581
6681	11582
6683	11583
6684	11584
6692	11585
6692	11586
6695	11587
6695	11588
6700	11589
6701	11590
6702	11591
6702	11592
6705	11593
6709	11594
6711	11595
6711	11596
6713	11597
6714	11598
6714	11599
6718	11600
6718	11601
6722	11602
6723	11603
6725	11604
6727	11605
6727	11606
6728	11607
6728	11608
6729	11609
6730	11610
6732	11611
6733	11612
6734	11613
6734	11614
6739	11615
6740	11616
6742	11617
6744	11618
6744	11619
6746	11620
6747	11621
6751	11622
6752	11623
6752	11624
6754	11625
6756	11626
6756	11627
6757	11628
6760	11629
6760	11630
6761	11631
6764	11632
6765	11633
6765	11634
6766	11635
6766	11636
6767	11637
6770	11638
6779	11639
6779	11640
6780	11641
6781	11642
6782	11643
6785	11644
6792	11645
6793	11646
6794	11647
6794	11648
6797	11649
6797	11650
6799	11651
6804	11652
6805	11653
6806	11654
6807	11655
6808	11656
6812	11657
6813	11658
6814	11659
6814	11660
6817	11661
6818	11662
6819	11663
6820	11664
6822	11665
6824	11666
6826	11667
6826	11668
6827	11669
6832	11670
6833	11671
6833	11672
6835	11673
6836	11674
6840	11675
6840	11676
6843	11677
6849	11678
6850	11679
6853	11680
6857	11681
6857	11682
6858	11683
6859	11684
6860	11685
6860	11686
6862	11687
6862	11688
6863	11689
6866	11690
6867	11691
6870	11692
6872	11693
6876	11694
6876	11695
6880	11696
6881	11697
6881	11698
6885	11699
6885	11700
6886	11701
6889	11702
6889	11703
6891	11704
6892	11705
6893	11706
6894	11707
6894	11708
6896	11709
6896	11710
6901	11711
6903	11712
6903	11713
6906	11714
6910	11715
6910	11716
6915	11717
6915	11718
6919	11719
6919	11720
6920	11721
6927	11722
6927	11723
6928	11724
6928	11725
6932	11726
6932	11727
6936	11728
6937	11729
6939	11730
6940	11731
6940	11732
6941	11733
6942	11734
6942	11735
6943	11736
6946	11737
6946	11738
6947	11739
6950	11740
6950	11741
6951	11742
6953	11743
6953	11744
6954	11745
6955	11746
6956	11747
6956	11748
6958	11749
6958	11750
6959	11751
6962	11752
6964	11753
6965	11754
6968	11755
6969	11756
6972	11757
6973	11758
6974	11759
6976	11760
6979	11761
6981	11762
6981	11763
6982	11764
6982	11765
6985	11766
6986	11767
6989	11768
6991	11769
6991	11770
6993	11771
6994	11772
6996	11773
6998	11774
6999	11775
7001	11776
7001	11777
7004	11778
7005	11779
7005	11780
7007	11781
7008	11782
7010	11783
7012	11784
7012	11785
7013	11786
7016	11787
7016	11788
7017	11789
7018	11790
7019	11791
7019	11792
7020	11793
7022	11794
7022	11795
7026	11796
7027	11797
7028	11798
7030	11799
7032	11800
7034	11801
7036	11802
7038	11803
7038	11804
7040	11805
7040	11806
7042	11807
7043	11808
7044	11809
7046	11810
7046	11811
7048	11812
7049	11813
7052	11814
7053	11815
7054	11816
7060	11817
7060	11818
7061	11819
7061	11820
7063	11821
7063	11822
7064	11823
7064	11824
7065	11825
7068	11826
7073	11827
7074	11828
7075	11829
7075	11830
7076	11831
7078	11832
7079	11833
7080	11834
7082	11835
7082	11836
7083	11837
7083	11838
7089	11839
7092	11840
7094	11841
7095	11842
7098	11843
7099	11844
7105	11845
7106	11846
7108	11847
7109	11848
7109	11849
7111	11850
7112	11851
7114	11852
7115	11853
7120	11854
7122	11855
7122	11856
7124	11857
7126	11858
7128	11859
7128	11860
