0	10488
0	10489
1	10490
1	10491
2	10492
2	10493
3	10494
4	10495
4	10496
8	10497
12	10498
12	10499
13	10500
14	10501
14	10502
15	10503
15	10504
16	10505
20	10506
23	10507
26	10508
26	10509
31	10510
31	10511
32	10512
33	10513
35	10514
35	10515
36	10516
36	10517
38	10518
43	10519
43	10520
44	10521
46	10522
46	10523
56	10524
60	10525
60	10526
64	10527
64	10528
67	10529
68	10530
68	10531
70	10532
72	10533
73	10534
75	10535
78	10536
79	10537
79	10538
80	10539
86	10540
86	10541
92	10542
92	10543
93	10544
94	10545
98	10546
101	10547
103	10548
103	10549
104	10550
104	10551
108	10552
109	10553
109	10554
111	10555
113	10556
119	10557
120	10558
122	10559
122	10560
124	10561
127	10562
127	10563
128	10564
130	10565
130	10566
132	10567
132	10568
134	10569
134	10570
140	10571
140	10572
141	10573
143	10574
144	10575
145	10576
145	10577
146	10578
147	10579
149	10580
149	10581
151	10582
153	10583
159	10584
159	10585
163	10586
166	10587
166	10588
168	10589
168	10590
177	10591
177	10592
179	10593
180	10594
184	10595
184	10596
185	10597
185	10598
186	10599
187	10600
187	10601
188	10602
188	10603
192	10604
192	10605
193	10606
194	10607
194	10608
195	10609
195	10610
197	10611
199	10612
200	10613
201	10614
201	10615
204	10616
204	10617
205	10618
208	10619
210	10620
210	10621
211	10622
212	10623
212	10624
213	10625
213	10626
214	10627
218	10628
220	10629
227	10630
228	10631
231	10632
231	10633
235	10634
236	10635
236	10636
237	10637
237	10638
239	10639
239	10640
240	10641
243	10642
244	10643
244	10644
245	10645
248	10646
251	10647
253	10648
253	10649
255	10650
255	10651
261	10652
261	10653
262	10654
262	10655
265	10656
266	10657
268	10658
269	10659
271	10660
271	10661
273	10662
273	10663
274	10664
274	10665
276	10666
276	10667
277	10668
277	10669
279	10670
281	10671
281	10672
285	10673
287	10674
287	10675
288	10676
290	10677
292	10678
293	10679
294	10680
294	10681
295	10682
300	10683
303	10684
303	10685
309	10686
309	10687
313	10688
315	10689
317	10690
317	10691
318	10692
320	10693
321	10694
324	10695
324	10696
326	10697
327	10698
327	10699
328	10700
328	10701
329	10702
332	10703
332	10704
333	10705
333	10706
336	10707
336	10708
340	10709
340	10710
341	10711
342	10712
343	10713
344	10714
344	10715
349	10716
352	10717
354	10718
357	10719
358	10720
362	10721
365	10722
368	10723
368	10724
369	10725
370	10726
370	10727
372	10728
372	10729
375	10730
376	10731
377	10732
377	10733
378	10734
378	10735
380	10736
380	10737
381	10738
384	10739
384	10740
385	10741
386	10742
392	10743
392	10744
393	10745
395	10746
395	10747
396	10748
396	10749
397	10750
401	10751
401	10752
407	10753
407	10754
408	10755
408	10756
411	10757
411	10758
412	10759
412	10760
413	10761
413	10762
414	10763
414	10764
416	10765
418	10766
424	10767
424	10768
430	10769
434	10770
434	10771
435	10772
435	10773
436	10774
441	10775
444	10776
444	10777
447	10778
450	10779
450	10780
452	10781
452	10782
455	10783
458	10784
459	10785
459	10786
463	10787
463	10788
465	10789
466	10790
467	10791
468	10792
468	10793
469	10794
469	10795
473	10796
473	10797
474	10798
474	10799
477	10800
477	10801
478	10802
478	10803
479	10804
479	10805
480	10806
484	10807
487	10808
487	10809
488	10810
488	10811
491	10812
491	10813
492	10814
494	10815
496	10816
497	10817
497	10818
499	10819
499	10820
500	10821
501	10822
501	10823
504	10824
504	10825
505	10826
506	10827
506	10828
507	10829
510	10830
512	10831
515	10832
517	10833
519	10834
520	10835
520	10836
522	10837
522	10838
523	10839
531	10840
531	10841
532	10842
532	10843
535	10844
536	10845
536	10846
538	10847
539	10848
541	10849
542	10850
544	10851
547	10852
547	10853
550	10854
552	10855
554	10856
554	10857
556	10858
556	10859
558	10860
559	10861
560	10862
563	10863
564	10864
566	10865
567	10866
568	10867
568	10868
569	10869
571	10870
572	10871
572	10872
573	10873
573	10874
574	10875
574	10876
575	10877
575	10878
578	10879
583	10880
585	10881
586	10882
586	10883
589	10884
590	10885
591	10886
592	10887
592	10888
593	10889
595	10890
595	10891
599	10892
602	10893
603	10894
603	10895
606	10896
606	10897
607	10898
607	10899
608	10900
608	10901
613	10902
613	10903
615	10904
617	10905
618	10906
618	10907
625	10908
627	10909
628	10910
630	10911
630	10912
632	10913
635	10914
635	10915
638	10916
638	10917
639	10918
639	10919
643	10920
644	10921
644	10922
647	10923
649	10924
650	10925
652	10926
653	10927
654	10928
654	10929
655	10930
655	10931
657	10932
661	10933
663	10934
664	10935
670	10936
671	10937
671	10938
672	10939
672	10940
679	10941
680	10942
681	10943
683	10944
686	10945
687	10946
687	10947
689	10948
690	10949
690	10950
692	10951
694	10952
695	10953
695	10954
696	10955
697	10956
698	10957
698	10958
699	10959
699	10960
700	10961
701	10962
701	10963
702	10964
703	10965
703	10966
705	10967
706	10968
707	10969
708	10970
708	10971
709	10972
711	10973
711	10974
712	10975
714	10976
714	10977
715	10978
715	10979
716	10980
717	10981
721	10982
726	10983
727	10984
728	10985
728	10986
730	10987
731	10988
732	10989
732	10990
734	10991
734	10992
736	10993
736	10994
737	10995
738	10996
738	10997
739	10998
739	10999
741	11000
741	11001
742	11002
743	11003
743	11004
745	11005
746	11006
748	11007
749	11008
751	11009
753	11010
754	11011
755	11012
757	11013
758	11014
758	11015
760	11016
761	11017
764	11018
766	11019
766	11020
769	11021
769	11022
772	11023
772	11024
774	11025
774	11026
779	11027
780	11028
780	11029
781	11030
783	11031
784	11032
786	11033
786	11034
787	11035
787	11036
789	11037
789	11038
791	11039
792	11040
793	11041
794	11042
794	11043
795	11044
798	11045
799	11046
799	11047
807	11048
808	11049
809	11050
809	11051
811	11052
811	11053
812	11054
813	11055
815	11056
816	11057
816	11058
818	11059
818	11060
819	11061
820	11062
822	11063
823	11064
825	11065
827	11066
827	11067
832	11068
832	11069
834	11070
837	11071
837	11072
839	11073
840	11074
843	11075
844	11076
845	11077
845	11078
846	11079
846	11080
848	11081
853	11082
857	11083
857	11084
858	11085
861	11086
861	11087
862	11088
864	11089
864	11090
866	11091
869	11092
869	11093
870	11094
871	11095
874	11096
875	11097
875	11098
879	11099
879	11100
881	11101
881	11102
882	11103
883	11104
886	11105
890	11106
890	11107
891	11108
892	11109
894	11110
895	11111
899	11112
900	11113
901	11114
901	11115
902	11116
902	11117
903	11118
903	11119
906	11120
907	11121
914	11122
915	11123
921	11124
922	11125
926	11126
927	11127
927	11128
929	11129
930	11130
930	11131
931	11132
931	11133
932	11134
934	11135
934	11136
935	11137
937	11138
937	11139
938	11140
938	11141
939	11142
939	11143
944	11144
944	11145
945	11146
945	11147
946	11148
946	11149
947	11150
947	11151
948	11152
948	11153
949	11154
951	11155
954	11156
960	11157
961	11158
961	11159
966	11160
967	11161
968	11162
969	11163
970	11164
970	11165
972	11166
972	11167
979	11168
979	11169
980	11170
982	11171
984	11172
984	11173
985	11174
985	11175
992	11176
992	11177
993	11178
996	11179
996	11180
997	11181
997	11182
998	11183
998	11184
1001	11185
1002	11186
1003	11187
1003	11188
1005	11189
1005	11190
1007	11191
1008	11192
1009	11193
1011	11194
1012	11195
1013	11196
1013	11197
1014	11198
1014	11199
1018	11200
1021	11201
1024	11202
1028	11203
1030	11204
1031	11205
1032	11206
1035	11207
1036	11208
1038	11209
1038	11210
1039	11211
1040	11212
1041	11213
1041	11214
1046	11215
1049	11216
1052	11217
1052	11218
1055	11219
1059	11220
1060	11221
1061	11222
1062	11223
1062	11224
1064	11225
1065	11226
1065	11227
1066	11228
1066	11229
1068	11230
1068	11231
1070	11232
1075	11233
1075	11234
1079	11235
1082	11236
1082	11237
1083	11238
1083	11239
1085	11240
1087	11241
1088	11242
1089	11243
1091	11244
1092	11245
1092	11246
1093	11247
1094	11248
1096	11249
1096	11250
1104	11251
1106	11252
1106	11253
1109	11254
1112	11255
1112	11256
1114	11257
1115	11258
1116	11259
1117	11260
1117	11261
1118	11262
1119	11263
1119	11264
1125	11265
1125	11266
1127	11267
1128	11268
1129	11269
1129	11270
1130	11271
1130	11272
1131	11273
1132	11274
1135	11275
1137	11276
1139	11277
1139	11278
1141	11279
1143	11280
1143	11281
1145	11282
1146	11283
1148	11284
1148	11285
1150	11286
1150	11287
1151	11288
1152	11289
1154	11290
1156	11291
1157	11292
1159	11293
1160	11294
1161	11295
1162	11296
1162	11297
1163	11298
1164	11299
1167	11300
1168	11301
1168	11302
1169	11303
1170	11304
1170	11305
1173	11306
1174	11307
1174	11308
1178	11309
1180	11310
1182	11311
1183	11312
1188	11313
1189	11314
1189	11315
1192	11316
1193	11317
1198	11318
1198	11319
1205	11320
1208	11321
1208	11322
1210	11323
1210	11324
1213	11325
1213	11326
1217	11327
1217	11328
1220	11329
1220	11330
1221	11331
1221	11332
1224	11333
1224	11334
1225	11335
1225	11336
1229	11337
1229	11338
1230	11339
1231	11340
1231	11341
1232	11342
1233	11343
1233	11344
1234	11345
1235	11346
1237	11347
1238	11348
1238	11349
1239	11350
1241	11351
1243	11352
1244	11353
1245	11354
1246	11355
1246	11356
1248	11357
1250	11358
1251	11359
1251	11360
1252	11361
1253	11362
1260	11363
1264	11364
1264	11365
1269	11366
1270	11367
1274	11368
1274	11369
1275	11370
1280	11371
1281	11372
1284	11373
1284	11374
1286	11375
1286	11376
1287	11377
1288	11378
1289	11379
1290	11380
1291	11381
1291	11382
1292	11383
1293	11384
1293	11385
1299	11386
1304	11387
1309	11388
1309	11389
1311	11390
1311	11391
1312	11392
1312	11393
1314	11394
1316	11395
1316	11396
1318	11397
1319	11398
1319	11399
1320	11400
1321	11401
1321	11402
1323	11403
1324	11404
1325	11405
1325	11406
1327	11407
1327	11408
1328	11409
1328	11410
1331	11411
1331	11412
1333	11413
1335	11414
1339	11415
1339	11416
1341	11417
1342	11418
1344	11419
1347	11420
1348	11421
1348	11422
1349	11423
1349	11424
1350	11425
1350	11426
1351	11427
1352	11428
1352	11429
1354	11430
1354	11431
1357	11432
1357	11433
1358	11434
1359	11435
1359	11436
1360	11437
1360	11438
1364	11439
1365	11440
1365	11441
1366	11442
1366	11443
1367	11444
1368	11445
1369	11446
1370	11447
1370	11448
1371	11449
1372	11450
1372	11451
1373	11452
1373	11453
1374	11454
1374	11455
1375	11456
1376	11457
1376	11458
1377	11459
1377	11460
1380	11461
1380	11462
1382	11463
1383	11464
1383	11465
1384	11466
1384	11467
1388	11468
1389	11469
1391	11470
1392	11471
1392	11472
1393	11473
1394	11474
1394	11475
1395	11476
1397	11477
1399	11478
1399	11479
1401	11480
1402	11481
1402	11482
1403	11483
1405	11484
1405	11485
1406	11486
1406	11487
1412	11488
1413	11489
1413	11490
1414	11491
1415	11492
1416	11493
1419	11494
1420	11495
1421	11496
1421	11497
1423	11498
1424	11499
1424	11500
1425	11501
1427	11502
1427	11503
1431	11504
1431	11505
1433	11506
1434	11507
1434	11508
1435	11509
1435	11510
1436	11511
1438	11512
1438	11513
1439	11514
1439	11515
1442	11516
1443	11517
1443	11518
1444	11519
1445	11520
1445	11521
1446	11522
1447	11523
1448	11524
1452	11525
1453	11526
1453	11527
1454	11528
1456	11529
1457	11530
1457	11531
1459	11532
1460	11533
1460	11534
1461	11535
1461	11536
1463	11537
1463	11538
1466	11539
1467	11540
1468	11541
1468	11542
1470	11543
1470	11544
1476	11545
1477	11546
1477	11547
1479	11548
1479	11549
1480	11550
1481	11551
1484	11552
1484	11553
1486	11554
1487	11555
1489	11556
1489	11557
1493	11558
1493	11559
1494	11560
1496	11561
1499	11562
1499	11563
1500	11564
1500	11565
1501	11566
1505	11567
1505	11568
1507	11569
1509	11570
1510	11571
1510	11572
1512	11573
1514	11574
1517	11575
1518	11576
1518	11577
1520	11578
1521	11579
1522	11580
1522	11581
1523	11582
1524	11583
1525	11584
1528	11585
1529	11586
1531	11587
1531	11588
1534	11589
1535	11590
1535	11591
1539	11592
1540	11593
1541	11594
1542	11595
1545	11596
1546	11597
1547	11598
1547	11599
1548	11600
1550	11601
1551	11602
1551	11603
1552	11604
1552	11605
1553	11606
1559	11607
1559	11608
1560	11609
1562	11610
1563	11611
1563	11612
1566	11613
1567	11614
1567	11615
1568	11616
1568	11617
1570	11618
1570	11619
1573	11620
1578	11621
1579	11622
1580	11623
1580	11624
1582	11625
1582	11626
1583	11627
1584	11628
1584	11629
1587	11630
1587	11631
1590	11632
1590	11633
1592	11634
1592	11635
1594	11636
1596	11637
1596	11638
1597	11639
1601	11640
1602	11641
1602	11642
1604	11643
1605	11644
1606	11645
1607	11646
1609	11647
1610	11648
1610	11649
1613	11650
1614	11651
1616	11652
1616	11653
1617	11654
1617	11655
1618	11656
1621	11657
1623	11658
1624	11659
1625	11660
1627	11661
1627	11662
1628	11663
1630	11664
1631	11665
1631	11666
1632	11667
1634	11668
1634	11669
1636	11670
1636	11671
1638	11672
1638	11673
1641	11674
1641	11675
1642	11676
1643	11677
1647	11678
1647	11679
1648	11680
1649	11681
1649	11682
1650	11683
1651	11684
1651	11685
1657	11686
1657	11687
1660	11688
1661	11689
1661	11690
1664	11691
1664	11692
1669	11693
1669	11694
1673	11695
1674	11696
1674	11697
1677	11698
1680	11699
1680	11700
1681	11701
1681	11702
1685	11703
1685	11704
1688	11705
1689	11706
1690	11707
1690	11708
1691	11709
1691	11710
1692	11711
1692	11712
1693	11713
1694	11714
1695	11715
1695	11716
1698	11717
1698	11718
1700	11719
1700	11720
1701	11721
1702	11722
1702	11723
1704	11724
1704	11725
1705	11726
1706	11727
1706	11728
1711	11729
1713	11730
1714	11731
1716	11732
1717	11733
1717	11734
1719	11735
1726	11736
1726	11737
1727	11738
1729	11739
1729	11740
1730	11741
1732	11742
1732	11743
1733	11744
1736	11745
1736	11746
1737	11747
1737	11748
1741	11749
1742	11750
1742	11751
1744	11752
1744	11753
1745	11754
1747	11755
1747	11756
1749	11757
1750	11758
1750	11759
1751	11760
1752	11761
1752	11762
1754	11763
1754	11764
1755	11765
1755	11766
1756	11767
1757	11768
1757	11769
1758	11770
1760	11771
1760	11772
1763	11773
1766	11774
1766	11775
1767	11776
1768	11777
1769	11778
1769	11779
1770	11780
1774	11781
1774	11782
1775	11783
1778	11784
1779	11785
1781	11786
1782	11787
1783	11788
1783	11789
1784	11790
1786	11791
1793	11792
1795	11793
1796	11794
1796	11795
1797	11796
1801	11797
1801	11798
1802	11799
1804	11800
1805	11801
1806	11802
1807	11803
1807	11804
1809	11805
1809	11806
1810	11807
1816	11808
1816	11809
1818	11810
1818	11811
1819	11812
1819	11813
1820	11814
1820	11815
1821	11816
1822	11817
1822	11818
1823	11819
1823	11820
1825	11821
1827	11822
1830	11823
1830	11824
1831	11825
1832	11826
1834	11827
1834	11828
1840	11829
1840	11830
1841	11831
1842	11832
1842	11833
1843	11834
1844	11835
1846	11836
1847	11837
1849	11838
1849	11839
1851	11840
1851	11841
1852	11842
1852	11843
1853	11844
1856	11845
1857	11846
1858	11847
1859	11848
1859	11849
1862	11850
1862	11851
1864	11852
1864	11853
1865	11854
1866	11855
1866	11856
1868	11857
1869	11858
1869	11859
1870	11860
1871	11861
1871	11862
1873	11863
1875	11864
1875	11865
1877	11866
1879	11867
1879	11868
1880	11869
1881	11870
1882	11871
1882	11872
1884	11873
1884	11874
1885	11875
1888	11876
1888	11877
1889	11878
1889	11879
1890	11880
1890	11881
1891	11882
1893	11883
1894	11884
1896	11885
1897	11886
1898	11887
1903	11888
1906	11889
1909	11890
1915	11891
1918	11892
1918	11893
1919	11894
1920	11895
1920	11896
1922	11897
1924	11898
1928	11899
1928	11900
1931	11901
1931	11902
1932	11903
1932	11904
1933	11905
1933	11906
1934	11907
1937	11908
1937	11909
1939	11910
1940	11911
1940	11912
1941	11913
1941	11914
1942	11915
1942	11916
1943	11917
1944	11918
1946	11919
1947	11920
1947	11921
1949	11922
1954	11923
1955	11924
1955	11925
1958	11926
1959	11927
1959	11928
1963	11929
1964	11930
1965	11931
1966	11932
1966	11933
1971	11934
1972	11935
1972	11936
1973	11937
1975	11938
1975	11939
1978	11940
1978	11941
1979	11942
1980	11943
1980	11944
1982	11945
1982	11946
1983	11947
1985	11948
1985	11949
1986	11950
1988	11951
1989	11952
1990	11953
1990	11954
1996	11955
1999	11956
2001	11957
2001	11958
2002	11959
2003	11960
2003	11961
2004	11962
2006	11963
2007	11964
2007	11965
2012	11966
2013	11967
2013	11968
2014	11969
2014	11970
2015	11971
2015	11972
2016	11973
2017	11974
2017	11975
2018	11976
2019	11977
2019	11978
2025	11979
2026	11980
2030	11981
2030	11982
2031	11983
2031	11984
2032	11985
2032	11986
2034	11987
2035	11988
2035	11989
2036	11990
2036	11991
2037	11992
2037	11993
2040	11994
2046	11995
2047	11996
2051	11997
2051	11998
2052	11999
2053	12000
2053	12001
2054	12002
2055	12003
2055	12004
2059	12005
2059	12006
2061	12007
2061	12008
2067	12009
2067	12010
2069	12011
2070	12012
2070	12013
2071	12014
2071	12015
2075	12016
2075	12017
2077	12018
2077	12019
2078	12020
2078	12021
2079	12022
2079	12023
2082	12024
2083	12025
2083	12026
2084	12027
2087	12028
2087	12029
2089	12030
2089	12031
2090	12032
2090	12033
2091	12034
2091	12035
2092	12036
2092	12037
2094	12038
2094	12039
2095	12040
2096	12041
2097	12042
2097	12043
2099	12044
2099	12045
2103	12046
2104	12047
2105	12048
2105	12049
2107	12050
2108	12051
2112	12052
2115	12053
2116	12054
2116	12055
2119	12056
2119	12057
2120	12058
2121	12059
2121	12060
2122	12061
2124	12062
2124	12063
2125	12064
2125	12065
2126	12066
2126	12067
2128	12068
2129	12069
2130	12070
2131	12071
2133	12072
2133	12073
2134	12074
2134	12075
2135	12076
2136	12077
2136	12078
2137	12079
2137	12080
2138	12081
2140	12082
2140	12083
2141	12084
2142	12085
2143	12086
2144	12087
2148	12088
2150	12089
2150	12090
2151	12091
2152	12092
2153	12093
2154	12094
2158	12095
2159	12096
2159	12097
2161	12098
2165	12099
2165	12100
2166	12101
2166	12102
2167	12103
2167	12104
2168	12105
2169	12106
2169	12107
2171	12108
2172	12109
2172	12110
2173	12111
2173	12112
2174	12113
2175	12114
2175	12115
2177	12116
2177	12117
2181	12118
2181	12119
2182	12120
2185	12121
2188	12122
2188	12123
2190	12124
2191	12125
2191	12126
2192	12127
2193	12128
2194	12129
2194	12130
2195	12131
2195	12132
2197	12133
2197	12134
2198	12135
2201	12136
2201	12137
2204	12138
2204	12139
2205	12140
2207	12141
2207	12142
2210	12143
2210	12144
2212	12145
2213	12146
2216	12147
2216	12148
2217	12149
2218	12150
2218	12151
2220	12152
2220	12153
2221	12154
2222	12155
2223	12156
2224	12157
2224	12158
2227	12159
2228	12160
2229	12161
2229	12162
2230	12163
2235	12164
2235	12165
2237	12166
2238	12167
2238	12168
2239	12169
2241	12170
2241	12171
2243	12172
2247	12173
2248	12174
2248	12175
2249	12176
2250	12177
2252	12178
2252	12179
2253	12180
2254	12181
2254	12182
2255	12183
2255	12184
2260	12185
2260	12186
2261	12187
2263	12188
2263	12189
2264	12190
2264	12191
2267	12192
2267	12193
2268	12194
2270	12195
2271	12196
2271	12197
2272	12198
2273	12199
2273	12200
2274	12201
2275	12202
2276	12203
2278	12204
2279	12205
2280	12206
2281	12207
2284	12208
2284	12209
2286	12210
2286	12211
2287	12212
2288	12213
2288	12214
2290	12215
2290	12216
2292	12217
2292	12218
2294	12219
2295	12220
2296	12221
2298	12222
2299	12223
2301	12224
2301	12225
2304	12226
2304	12227
2306	12228
2307	12229
2307	12230
2308	12231
2308	12232
2310	12233
2311	12234
2313	12235
2313	12236
2315	12237
2316	12238
2318	12239
2320	12240
2320	12241
2322	12242
2323	12243
2325	12244
2325	12245
2326	12246
2326	12247
2328	12248
2328	12249
2329	12250
2331	12251
2333	12252
2337	12253
2337	12254
2339	12255
2339	12256
2340	12257
2340	12258
2341	12259
2341	12260
2342	12261
2345	12262
2347	12263
2348	12264
2348	12265
2350	12266
2350	12267
2351	12268
2352	12269
2354	12270
2357	12271
2361	12272
2362	12273
2363	12274
2363	12275
2366	12276
2367	12277
2367	12278
2368	12279
2369	12280
2370	12281
2370	12282
2373	12283
2373	12284
2374	12285
2375	12286
2377	12287
2377	12288
2378	12289
2379	12290
2379	12291
2380	12292
2381	12293
2381	12294
2382	12295
2383	12296
2383	12297
2384	12298
2384	12299
2385	12300
2386	12301
2387	12302
2388	12303
2388	12304
2389	12305
2389	12306
2391	12307
2392	12308
2392	12309
2397	12310
2398	12311
2398	12312
2399	12313
2399	12314
2400	12315
2401	12316
2401	12317
2402	12318
2403	12319
2404	12320
2404	12321
2406	12322
2407	12323
2408	12324
2408	12325
2409	12326
2410	12327
2411	12328
2411	12329
2413	12330
2413	12331
2415	12332
2415	12333
2420	12334
2421	12335
2421	12336
2425	12337
2426	12338
2429	12339
2430	12340
2430	12341
2432	12342
2432	12343
2433	12344
2433	12345
2436	12346
2436	12347
2437	12348
2440	12349
2441	12350
2447	12351
2447	12352
2448	12353
2449	12354
2449	12355
2450	12356
2450	12357
2455	12358
2456	12359
2458	12360
2459	12361
2459	12362
2460	12363
2460	12364
2463	12365
2463	12366
2468	12367
2469	12368
2471	12369
2476	12370
2477	12371
2478	12372
2479	12373
2479	12374
2482	12375
2482	12376
2484	12377
2485	12378
2488	12379
2488	12380
2489	12381
2493	12382
2493	12383
2494	12384
2494	12385
2497	12386
2497	12387
2498	12388
2500	12389
2501	12390
2501	12391
2502	12392
2504	12393
2505	12394
2505	12395
2509	12396
2509	12397
2511	12398
2511	12399
2512	12400
2512	12401
2515	12402
2515	12403
2516	12404
2516	12405
2517	12406
2518	12407
2520	12408
2520	12409
2522	12410
2522	12411
2524	12412
2524	12413
2525	12414
2525	12415
2528	12416
2528	12417
2529	12418
2530	12419
2530	12420
2531	12421
2533	12422
2535	12423
2536	12424
2536	12425
2537	12426
2537	12427
2538	12428
2539	12429
2541	12430
2542	12431
2542	12432
2544	12433
2544	12434
2547	12435
2547	12436
2550	12437
2551	12438
2551	12439
2552	12440
2552	12441
2553	12442
2553	12443
2554	12444
2555	12445
2555	12446
2559	12447
2559	12448
2560	12449
2560	12450
2561	12451
2561	12452
2564	12453
2565	12454
2566	12455
2569	12456
2571	12457
2574	12458
2575	12459
2576	12460
2576	12461
2577	12462
2578	12463
2578	12464
2579	12465
2580	12466
2580	12467
2581	12468
2581	12469
2582	12470
2586	12471
2589	12472
2589	12473
2590	12474
2591	12475
2593	12476
2593	12477
2594	12478
2595	12479
2597	12480
2597	12481
2599	12482
2604	12483
2604	12484
2605	12485
2605	12486
2606	12487
2608	12488
2612	12489
2613	12490
2613	12491
2614	12492
2617	12493
2617	12494
2618	12495
2620	12496
2620	12497
2621	12498
2621	12499
2622	12500
2622	12501
2623	12502
2624	12503
2624	12504
2628	12505
2628	12506
2629	12507
2631	12508
2633	12509
2633	12510
2635	12511
2636	12512
2637	12513
2640	12514
2640	12515
2641	12516
2642	12517
2643	12518
2643	12519
2644	12520
2644	12521
2645	12522
2647	12523
2648	12524
2653	12525
2653	12526
2654	12527
2656	12528
2660	12529
2660	12530
2662	12531
2663	12532
2663	12533
2665	12534
2666	12535
2668	12536
2668	12537
2670	12538
2672	12539
2674	12540
2675	12541
2675	12542
2676	12543
2677	12544
2677	12545
2678	12546
2681	12547
2682	12548
2685	12549
2687	12550
2687	12551
2688	12552
2688	12553
2690	12554
2690	12555
2692	12556
2693	12557
2700	12558
2703	12559
2703	12560
2707	12561
2707	12562
2713	12563
2714	12564
2714	12565
2716	12566
2716	12567
2718	12568
2718	12569
2719	12570
2719	12571
2723	12572
2725	12573
2728	12574
2730	12575
2730	12576
2731	12577
2734	12578
2735	12579
2736	12580
2736	12581
2740	12582
2741	12583
2741	12584
2743	12585
2744	12586
2745	12587
2745	12588
2746	12589
2746	12590
2747	12591
2748	12592
2748	12593
2750	12594
2752	12595
2752	12596
2754	12597
2754	12598
2755	12599
2758	12600
2758	12601
2759	12602
2759	12603
2761	12604
2761	12605
2765	12606
2765	12607
2766	12608
2766	12609
2769	12610
2772	12611
2772	12612
2773	12613
2773	12614
2775	12615
2775	12616
2779	12617
2779	12618
2780	12619
2780	12620
2781	12621
2781	12622
2782	12623
2786	12624
2786	12625
2789	12626
2795	12627
2795	12628
2796	12629
2797	12630
2799	12631
2799	12632
2800	12633
2800	12634
2802	12635
2802	12636
2803	12637
2805	12638
2805	12639
2806	12640
2813	12641
2814	12642
2815	12643
2819	12644
2819	12645
2820	12646
2822	12647
2825	12648
2829	12649
2829	12650
2833	12651
2833	12652
2834	12653
2834	12654
2836	12655
2836	12656
2837	12657
2839	12658
2845	12659
2845	12660
2846	12661
2846	12662
2848	12663
2848	12664
2852	12665
2852	12666
2853	12667
2853	12668
2854	12669
2854	12670
2857	12671
2857	12672
2859	12673
2860	12674
2860	12675
2865	12676
2865	12677
2870	12678
2872	12679
2872	12680
2873	12681
2875	12682
2875	12683
2879	12684
2883	12685
2884	12686
2884	12687
2886	12688
2886	12689
2888	12690
2888	12691
2889	12692
2889	12693
2890	12694
2890	12695
2891	12696
2898	12697
2898	12698
2900	12699
2905	12700
2907	12701
2907	12702
2908	12703
2908	12704
2910	12705
2913	12706
2913	12707
2917	12708
2919	12709
2919	12710
2921	12711
2921	12712
2922	12713
2922	12714
2925	12715
2925	12716
2926	12717
2926	12718
2928	12719
2929	12720
2931	12721
2932	12722
2934	12723
2935	12724
2937	12725
2937	12726
2938	12727
2938	12728
2940	12729
2943	12730
2943	12731
2945	12732
2946	12733
2948	12734
2950	12735
2950	12736
2951	12737
2952	12738
2953	12739
2954	12740
2955	12741
2955	12742
2956	12743
2956	12744
2957	12745
2960	12746
2961	12747
2964	12748
2965	12749
2965	12750
2966	12751
2966	12752
2968	12753
2971	12754
2971	12755
2972	12756
2972	12757
2973	12758
2973	12759
2974	12760
2976	12761
2976	12762
2977	12763
2977	12764
2978	12765
2978	12766
2979	12767
2979	12768
2980	12769
2980	12770
2981	12771
2982	12772
2983	12773
2983	12774
2984	12775
2984	12776
2985	12777
2985	12778
2986	12779
2986	12780
2987	12781
2987	12782
2989	12783
2990	12784
2991	12785
2991	12786
2992	12787
2992	12788
2993	12789
2996	12790
2996	12791
2997	12792
2997	12793
2998	12794
2998	12795
3000	12796
3002	12797
3002	12798
3003	12799
3003	12800
3007	12801
3009	12802
3010	12803
3010	12804
3013	12805
3016	12806
3017	12807
3018	12808
3018	12809
3019	12810
3020	12811
3020	12812
3023	12813
3025	12814
3027	12815
3028	12816
3030	12817
3035	12818
3035	12819
3039	12820
3041	12821
3043	12822
3045	12823
3046	12824
3049	12825
3050	12826
3050	12827
3052	12828
3054	12829
3055	12830
3056	12831
3058	12832
3058	12833
3060	12834
3061	12835
3061	12836
3062	12837
3063	12838
3065	12839
3067	12840
3069	12841
3069	12842
3070	12843
3071	12844
3071	12845
3072	12846
3072	12847
3073	12848
3074	12849
3075	12850
3075	12851
3077	12852
3077	12853
3078	12854
3079	12855
3080	12856
3081	12857
3082	12858
3084	12859
3084	12860
3085	12861
3085	12862
3086	12863
3088	12864
3090	12865
3090	12866
3095	12867
3098	12868
3102	12869
3103	12870
3103	12871
3105	12872
3107	12873
3107	12874
3108	12875
3110	12876
3112	12877
3113	12878
3115	12879
3117	12880
3117	12881
3118	12882
3118	12883
3120	12884
3121	12885
3121	12886
3122	12887
3122	12888
3123	12889
3127	12890
3127	12891
3128	12892
3131	12893
3132	12894
3133	12895
3133	12896
3134	12897
3135	12898
3138	12899
3141	12900
3142	12901
3143	12902
3145	12903
3145	12904
3147	12905
3147	12906
3148	12907
3148	12908
3149	12909
3150	12910
3151	12911
3151	12912
3152	12913
3152	12914
3153	12915
3153	12916
3154	12917
3156	12918
3156	12919
3157	12920
3157	12921
3160	12922
3161	12923
3161	12924
3162	12925
3169	12926
3171	12927
3171	12928
3176	12929
3177	12930
3179	12931
3181	12932
3182	12933
3182	12934
3184	12935
3185	12936
3185	12937
3186	12938
3188	12939
3191	12940
3191	12941
3192	12942
3193	12943
3195	12944
3196	12945
3197	12946
3198	12947
3200	12948
3200	12949
3203	12950
3203	12951
3205	12952
3205	12953
3207	12954
3208	12955
3211	12956
3212	12957
3213	12958
3213	12959
3215	12960
3216	12961
3216	12962
3218	12963
3219	12964
3220	12965
3221	12966
3221	12967
3222	12968
3226	12969
3227	12970
3228	12971
3228	12972
3230	12973
3230	12974
3231	12975
3234	12976
3235	12977
3236	12978
3236	12979
3237	12980
3238	12981
3239	12982
3239	12983
3240	12984
3240	12985
3243	12986
3243	12987
3246	12988
3248	12989
3248	12990
3249	12991
3252	12992
3252	12993
3254	12994
3255	12995
3255	12996
3256	12997
3258	12998
3261	12999
3261	13000
3262	13001
3269	13002
3269	13003
3270	13004
3270	13005
3275	13006
3275	13007
3276	13008
3277	13009
3278	13010
3279	13011
3281	13012
3282	13013
3284	13014
3285	13015
3288	13016
3289	13017
3290	13018
3291	13019
3291	13020
3296	13021
3296	13022
3297	13023
3297	13024
3298	13025
3302	13026
3302	13027
3303	13028
3305	13029
3306	13030
3306	13031
3309	13032
3309	13033
3311	13034
3317	13035
3318	13036
3318	13037
3320	13038
3322	13039
3322	13040
3323	13041
3324	13042
3327	13043
3328	13044
3328	13045
3329	13046
3329	13047
3330	13048
3331	13049
3333	13050
3334	13051
3334	13052
3335	13053
3336	13054
3336	13055
3337	13056
3337	13057
3339	13058
3340	13059
3340	13060
3342	13061
3346	13062
3347	13063
3351	13064
3351	13065
3352	13066
3353	13067
3354	13068
3354	13069
3357	13070
3358	13071
3358	13072
3360	13073
3361	13074
3361	13075
3362	13076
3363	13077
3364	13078
3364	13079
3366	13080
3368	13081
3372	13082
3372	13083
3373	13084
3377	13085
3380	13086
3381	13087
3387	13088
3390	13089
3391	13090
3391	13091
3392	13092
3392	13093
3393	13094
3393	13095
3395	13096
3395	13097
3397	13098
3399	13099
3399	13100
3400	13101
3401	13102
3402	13103
3403	13104
3404	13105
3404	13106
3405	13107
3406	13108
3406	13109
3409	13110
3410	13111
3411	13112
3411	13113
3412	13114
3413	13115
3415	13116
3416	13117
3417	13118
3417	13119
3419	13120
3428	13121
3430	13122
3434	13123
3435	13124
3436	13125
3437	13126
3439	13127
3439	13128
3440	13129
3441	13130
3442	13131
3442	13132
3443	13133
3445	13134
3446	13135
3446	13136
3450	13137
3450	13138
3451	13139
3453	13140
3453	13141
3454	13142
3454	13143
3455	13144
3456	13145
3456	13146
3458	13147
3459	13148
3461	13149
3461	13150
3462	13151
3465	13152
3466	13153
3468	13154
3469	13155
3470	13156
3470	13157
3472	13158
3472	13159
3475	13160
3476	13161
3477	13162
3477	13163
3478	13164
3478	13165
3481	13166
3481	13167
3482	13168
3483	13169
3483	13170
3484	13171
3485	13172
3486	13173
3488	13174
3488	13175
3490	13176
3491	13177
3491	13178
3492	13179
3494	13180
3496	13181
3497	13182
3498	13183
3502	13184
3502	13185
3504	13186
3505	13187
3506	13188
3506	13189
3507	13190
3507	13191
3511	13192
3511	13193
3513	13194
3514	13195
3515	13196
3518	13197
3518	13198
3519	13199
3520	13200
3520	13201
3521	13202
3522	13203
3524	13204
3524	13205
3525	13206
3526	13207
3526	13208
3527	13209
3527	13210
3530	13211
3531	13212
3533	13213
3534	13214
3536	13215
3536	13216
3537	13217
3539	13218
3540	13219
3541	13220
3541	13221
3543	13222
3544	13223
3546	13224
3549	13225
3550	13226
3550	13227
3551	13228
3552	13229
3552	13230
3553	13231
3554	13232
3555	13233
3555	13234
3558	13235
3558	13236
3559	13237
3560	13238
3561	13239
3562	13240
3562	13241
3564	13242
3564	13243
3567	13244
3568	13245
3569	13246
3571	13247
3571	13248
3572	13249
3572	13250
3573	13251
3582	13252
3584	13253
3584	13254
3585	13255
3585	13256
3587	13257
3587	13258
3589	13259
3591	13260
3593	13261
3593	13262
3594	13263
3594	13264
3595	13265
3597	13266
3598	13267
3599	13268
3599	13269
3607	13270
3611	13271
3611	13272
3616	13273
3616	13274
3617	13275
3620	13276
3620	13277
3621	13278
3623	13279
3623	13280
3624	13281
3625	13282
3626	13283
3627	13284
3630	13285
3630	13286
3632	13287
3634	13288
3634	13289
3635	13290
3636	13291
3643	13292
3644	13293
3645	13294
3645	13295
3646	13296
3646	13297
3650	13298
3651	13299
3654	13300
3655	13301
3655	13302
3658	13303
3658	13304
3659	13305
3659	13306
3660	13307
3660	13308
3661	13309
3661	13310
3665	13311
3665	13312
3671	13313
3672	13314
3672	13315
3674	13316
3675	13317
3676	13318
3678	13319
3678	13320
3679	13321
3681	13322
3681	13323
3682	13324
3682	13325
3684	13326
3684	13327
3685	13328
3688	13329
3694	13330
3698	13331
3699	13332
3700	13333
3700	13334
3702	13335
3703	13336
3703	13337
3704	13338
3705	13339
3705	13340
3706	13341
3708	13342
3708	13343
3713	13344
3713	13345
3714	13346
3714	13347
3718	13348
3719	13349
3719	13350
3720	13351
3720	13352
3722	13353
3722	13354
3723	13355
3724	13356
3725	13357
3725	13358
3728	13359
3732	13360
3732	13361
3733	13362
3733	13363
3734	13364
3736	13365
3737	13366
3737	13367
3738	13368
3738	13369
3740	13370
3743	13371
3743	13372
3747	13373
3747	13374
3748	13375
3749	13376
3749	13377
3750	13378
3751	13379
3751	13380
3752	13381
3754	13382
3757	13383
3759	13384
3763	13385
3763	13386
3764	13387
3765	13388
3766	13389
3766	13390
3768	13391
3768	13392
3769	13393
3769	13394
3773	13395
3773	13396
3774	13397
3774	13398
3775	13399
3778	13400
3778	13401
3779	13402
3780	13403
3780	13404
3781	13405
3784	13406
3784	13407
3785	13408
3788	13409
3789	13410
3791	13411
3791	13412
3792	13413
3792	13414
3797	13415
3797	13416
3798	13417
3799	13418
3800	13419
3800	13420
3802	13421
3802	13422
3803	13423
3803	13424
3805	13425
3806	13426
3808	13427
3811	13428
3811	13429
3812	13430
3814	13431
3815	13432
3817	13433
3817	13434
3818	13435
3818	13436
3819	13437
3820	13438
3826	13439
3826	13440
3829	13441
3833	13442
3836	13443
3838	13444
3839	13445
3839	13446
3840	13447
3840	13448
3841	13449
3843	13450
3844	13451
3844	13452
3845	13453
3846	13454
3851	13455
3852	13456
3853	13457
3854	13458
3857	13459
3857	13460
3859	13461
3859	13462
3866	13463
3866	13464
3868	13465
3869	13466
3869	13467
3873	13468
3873	13469
3875	13470
3876	13471
3876	13472
3877	13473
3877	13474
3878	13475
3879	13476
3879	13477
3882	13478
3883	13479
3884	13480
3885	13481
3886	13482
3888	13483
3891	13484
3891	13485
3892	13486
3894	13487
3895	13488
3895	13489
3897	13490
3900	13491
3901	13492
3901	13493
3902	13494
3902	13495
3909	13496
3911	13497
3912	13498
3912	13499
3914	13500
3915	13501
3915	13502
3918	13503
3921	13504
3921	13505
3922	13506
3922	13507
3924	13508
3926	13509
3927	13510
3927	13511
3930	13512
3931	13513
3932	13514
3932	13515
3933	13516
3934	13517
3935	13518
3936	13519
3936	13520
3938	13521
3938	13522
3941	13523
3941	13524
3942	13525
3944	13526
3945	13527
3945	13528
3946	13529
3947	13530
3948	13531
3950	13532
3951	13533
3951	13534
3952	13535
3953	13536
3954	13537
3954	13538
3956	13539
3959	13540
3959	13541
3960	13542
3961	13543
3964	13544
3964	13545
3966	13546
3966	13547
3967	13548
3968	13549
3968	13550
3969	13551
3969	13552
3972	13553
3974	13554
3974	13555
3975	13556
3976	13557
3976	13558
3977	13559
3977	13560
3979	13561
3980	13562
3984	13563
3984	13564
3988	13565
3988	13566
3989	13567
3989	13568
3990	13569
3991	13570
3992	13571
3996	13572
3998	13573
4000	13574
4000	13575
4001	13576
4001	13577
4005	13578
4006	13579
4008	13580
4010	13581
4010	13582
4012	13583
4013	13584
4013	13585
4015	13586
4017	13587
4019	13588
4020	13589
4021	13590
4021	13591
4023	13592
4023	13593
4024	13594
4024	13595
4030	13596
4030	13597
4039	13598
4039	13599
4041	13600
4043	13601
4044	13602
4046	13603
4047	13604
4047	13605
4048	13606
4048	13607
4050	13608
4050	13609
4054	13610
4054	13611
4055	13612
4059	13613
4059	13614
4062	13615
4062	13616
4065	13617
4066	13618
4067	13619
4070	13620
4071	13621
4074	13622
4076	13623
4076	13624
4077	13625
4079	13626
4079	13627
4080	13628
4080	13629
4086	13630
4086	13631
4090	13632
4090	13633
4092	13634
4092	13635
4093	13636
4093	13637
4097	13638
4097	13639
4098	13640
4098	13641
4101	13642
4102	13643
4106	13644
4106	13645
4107	13646
4109	13647
4110	13648
4110	13649
4111	13650
4111	13651
4112	13652
4118	13653
4119	13654
4121	13655
4122	13656
4123	13657
4123	13658
4125	13659
4126	13660
4127	13661
4127	13662
4131	13663
4131	13664
4132	13665
4132	13666
4133	13667
4133	13668
4134	13669
4137	13670
4139	13671
4139	13672
4141	13673
4143	13674
4143	13675
4144	13676
4146	13677
4147	13678
4147	13679
4149	13680
4150	13681
4150	13682
4151	13683
4152	13684
4153	13685
4154	13686
4158	13687
4158	13688
4160	13689
4161	13690
4161	13691
4171	13692
4171	13693
4175	13694
4177	13695
4177	13696
4178	13697
4182	13698
4183	13699
4184	13700
4185	13701
4185	13702
4187	13703
4190	13704
4190	13705
4192	13706
4194	13707
4194	13708
4195	13709
4195	13710
4196	13711
4199	13712
4201	13713
4202	13714
4202	13715
4206	13716
4206	13717
4209	13718
4209	13719
4210	13720
4211	13721
4218	13722
4218	13723
4223	13724
4224	13725
4225	13726
4225	13727
4227	13728
4229	13729
4230	13730
4235	13731
4236	13732
4236	13733
4237	13734
4237	13735
4238	13736
4239	13737
4240	13738
4244	13739
4244	13740
4245	13741
4245	13742
4246	13743
4247	13744
4248	13745
4248	13746
4254	13747
4254	13748
4257	13749
4257	13750
4261	13751
4261	13752
4264	13753
4267	13754
4268	13755
4271	13756
4271	13757
4272	13758
4272	13759
4273	13760
4275	13761
4275	13762
4276	13763
4276	13764
4277	13765
4278	13766
4279	13767
4279	13768
4282	13769
4282	13770
4284	13771
4285	13772
4285	13773
4287	13774
4287	13775
4288	13776
4290	13777
4290	13778
4291	13779
4298	13780
4303	13781
4304	13782
4304	13783
4305	13784
4307	13785
4307	13786
4311	13787
4311	13788
4314	13789
4316	13790
4316	13791
4319	13792
4319	13793
4321	13794
4322	13795
4322	13796
4323	13797
4324	13798
4325	13799
4326	13800
4327	13801
4332	13802
4332	13803
4333	13804
4333	13805
4335	13806
4335	13807
4336	13808
4337	13809
4337	13810
4340	13811
4343	13812
4345	13813
4345	13814
4346	13815
4347	13816
4348	13817
4348	13818
4354	13819
4355	13820
4355	13821
4356	13822
4358	13823
4359	13824
4359	13825
4363	13826
4364	13827
4365	13828
4366	13829
4367	13830
4370	13831
4374	13832
4375	13833
4375	13834
4377	13835
4377	13836
4378	13837
4381	13838
4383	13839
4383	13840
4384	13841
4385	13842
4385	13843
4386	13844
4389	13845
4390	13846
4394	13847
4394	13848
4399	13849
4399	13850
4400	13851
4401	13852
4404	13853
4405	13854
4405	13855
4406	13856
4409	13857
4409	13858
4411	13859
4412	13860
4412	13861
4413	13862
4413	13863
4415	13864
4416	13865
4416	13866
4418	13867
4419	13868
4419	13869
4420	13870
4420	13871
4421	13872
4421	13873
4423	13874
4423	13875
4424	13876
4427	13877
4427	13878
4428	13879
4429	13880
4430	13881
4431	13882
4431	13883
4432	13884
4436	13885
4436	13886
4438	13887
4439	13888
4439	13889
4440	13890
4441	13891
4443	13892
4443	13893
4444	13894
4444	13895
4446	13896
4446	13897
4447	13898
4447	13899
4449	13900
4450	13901
4451	13902
4451	13903
4452	13904
4453	13905
4458	13906
4458	13907
4460	13908
4461	13909
4461	13910
4463	13911
4464	13912
4464	13913
4467	13914
4468	13915
4468	13916
4469	13917
4469	13918
4471	13919
4471	13920
4472	13921
4474	13922
4474	13923
4475	13924
4475	13925
4477	13926
4477	13927
4479	13928
4479	13929
4480	13930
4480	13931
4482	13932
4483	13933
4484	13934
4485	13935
4486	13936
4486	13937
4487	13938
4487	13939
4488	13940
4488	13941
4490	13942
4493	13943
4496	13944
4497	13945
4498	13946
4498	13947
4499	13948
4499	13949
4500	13950
4501	13951
4503	13952
4504	13953
4504	13954
4509	13955
4510	13956
4510	13957
4512	13958
4512	13959
4513	13960
4513	13961
4517	13962
4517	13963
4518	13964
4519	13965
4519	13966
4521	13967
4522	13968
4522	13969
4524	13970
4527	13971
4527	13972
4528	13973
4529	13974
4532	13975
4533	13976
4535	13977
4535	13978
4536	13979
4537	13980
4537	13981
4539	13982
4539	13983
4542	13984
4543	13985
4543	13986
4544	13987
4544	13988
4545	13989
4546	13990
4548	13991
4548	13992
4549	13993
4549	13994
4550	13995
4553	13996
4553	13997
4554	13998
4556	13999
4556	14000
4560	14001
4562	14002
4562	14003
4564	14004
4564	14005
4566	14006
4567	14007
4568	14008
4569	14009
4569	14010
4573	14011
4574	14012
4574	14013
4575	14014
4578	14015
4581	14016
4582	14017
4582	14018
4583	14019
4584	14020
4586	14021
4591	14022
4593	14023
4594	14024
4594	14025
4596	14026
4596	14027
4598	14028
4598	14029
4604	14030
4606	14031
4606	14032
4608	14033
4609	14034
4609	14035
4611	14036
4612	14037
4612	14038
4614	14039
4614	14040
4617	14041
4617	14042
4619	14043
4620	14044
4620	14045
4621	14046
4621	14047
4622	14048
4622	14049
4624	14050
4624	14051
4625	14052
4627	14053
4628	14054
4628	14055
4629	14056
4630	14057
4632	14058
4632	14059
4633	14060
4633	14061
4634	14062
4634	14063
4635	14064
4635	14065
4636	14066
4637	14067
4637	14068
4639	14069
4641	14070
4641	14071
4643	14072
4643	14073
4644	14074
4644	14075
4645	14076
4646	14077
4648	14078
4648	14079
4649	14080
4649	14081
4650	14082
4654	14083
4654	14084
4658	14085
4658	14086
4659	14087
4659	14088
4660	14089
4660	14090
4661	14091
4661	14092
4662	14093
4662	14094
4663	14095
4664	14096
4668	14097
4669	14098
4669	14099
4671	14100
4672	14101
4676	14102
4676	14103
4678	14104
4678	14105
4679	14106
4680	14107
4682	14108
4682	14109
4684	14110
4685	14111
4688	14112
4689	14113
4689	14114
4690	14115
4690	14116
4691	14117
4691	14118
4692	14119
4695	14120
4695	14121
4701	14122
4705	14123
4707	14124
4708	14125
4708	14126
4711	14127
4711	14128
4715	14129
4715	14130
4716	14131
4717	14132
4718	14133
4718	14134
4719	14135
4719	14136
4720	14137
4721	14138
4721	14139
4722	14140
4725	14141
4725	14142
4726	14143
4726	14144
4727	14145
4727	14146
4728	14147
4729	14148
4729	14149
4732	14150
4732	14151
4733	14152
4733	14153
4735	14154
4735	14155
4736	14156
4737	14157
4740	14158
4741	14159
4741	14160
4743	14161
4746	14162
4746	14163
4747	14164
4748	14165
4748	14166
4749	14167
4749	14168
4754	14169
4757	14170
4757	14171
4758	14172
4758	14173
4759	14174
4759	14175
4761	14176
4761	14177
4763	14178
4764	14179
4765	14180
4765	14181
4770	14182
4771	14183
4771	14184
4773	14185
4775	14186
4776	14187
4782	14188
4783	14189
4785	14190
4786	14191
4786	14192
4787	14193
4788	14194
4788	14195
4789	14196
4791	14197
4791	14198
4793	14199
4793	14200
4795	14201
4796	14202
4796	14203
4798	14204
4799	14205
4799	14206
4804	14207
4806	14208
4807	14209
4808	14210
4808	14211
4812	14212
4814	14213
4814	14214
4816	14215
4817	14216
4817	14217
4819	14218
4819	14219
4820	14220
4820	14221
4821	14222
4821	14223
4824	14224
4825	14225
4827	14226
4827	14227
4828	14228
4830	14229
4830	14230
4831	14231
4831	14232
4832	14233
4833	14234
4834	14235
4834	14236
4838	14237
4839	14238
4839	14239
4841	14240
4841	14241
4842	14242
4844	14243
4844	14244
4846	14245
4846	14246
4847	14247
4848	14248
4848	14249
4850	14250
4851	14251
4853	14252
4853	14253
4854	14254
4854	14255
4856	14256
4856	14257
4857	14258
4858	14259
4861	14260
4861	14261
4865	14262
4865	14263
4866	14264
4870	14265
4872	14266
4872	14267
4874	14268
4875	14269
4878	14270
4879	14271
4879	14272
4881	14273
4883	14274
4883	14275
4884	14276
4884	14277
4888	14278
4890	14279
4891	14280
4891	14281
4892	14282
4896	14283
4896	14284
4901	14285
4901	14286
4903	14287
4905	14288
4905	14289
4907	14290
4907	14291
4909	14292
4910	14293
4911	14294
4912	14295
4912	14296
4916	14297
4917	14298
4919	14299
4922	14300
4922	14301
4923	14302
4923	14303
4925	14304
4926	14305
4926	14306
4928	14307
4928	14308
4929	14309
4929	14310
4930	14311
4933	14312
4935	14313
4941	14314
4941	14315
4942	14316
4946	14317
4946	14318
4948	14319
4948	14320
4949	14321
4952	14322
4955	14323
4955	14324
4958	14325
4958	14326
4959	14327
4959	14328
4962	14329
4966	14330
4967	14331
4967	14332
4970	14333
4971	14334
4971	14335
4972	14336
4972	14337
4973	14338
4975	14339
4975	14340
4976	14341
4978	14342
4980	14343
4982	14344
4983	14345
4986	14346
4989	14347
4990	14348
4990	14349
4991	14350
4993	14351
4993	14352
4994	14353
4997	14354
4997	14355
4998	14356
5002	14357
5002	14358
5003	14359
5004	14360
5004	14361
5006	14362
5007	14363
5008	14364
5009	14365
5010	14366
5010	14367
5012	14368
5012	14369
5013	14370
5013	14371
5015	14372
5016	14373
5016	14374
5017	14375
5017	14376
5020	14377
5021	14378
5022	14379
5022	14380
5023	14381
5024	14382
5025	14383
5025	14384
5030	14385
5031	14386
5032	14387
5033	14388
5034	14389
5035	14390
5037	14391
5039	14392
5039	14393
5040	14394
5040	14395
5042	14396
5044	14397
5044	14398
5045	14399
5047	14400
5048	14401
5048	14402
5051	14403
5051	14404
5054	14405
5055	14406
5055	14407
5057	14408
5058	14409
5058	14410
5059	14411
5059	14412
5060	14413
5061	14414
5061	14415
5062	14416
5062	14417
5067	14418
5069	14419
5069	14420
5073	14421
5073	14422
5074	14423
5075	14424
5075	14425
5076	14426
5078	14427
5079	14428
5079	14429
5080	14430
5080	14431
5082	14432
5082	14433
5085	14434
5085	14435
5087	14436
5088	14437
5089	14438
5092	14439
5092	14440
5097	14441
5097	14442
5102	14443
5104	14444
5105	14445
5105	14446
5106	14447
5106	14448
5108	14449
5109	14450
5109	14451
5110	14452
5111	14453
5111	14454
5112	14455
5112	14456
5114	14457
5117	14458
5118	14459
5119	14460
5122	14461
5124	14462
5124	14463
5125	14464
5125	14465
5128	14466
5128	14467
5129	14468
5130	14469
5130	14470
5136	14471
5136	14472
5139	14473
5140	14474
5141	14475
5143	14476
5143	14477
5144	14478
5145	14479
5145	14480
5147	14481
5147	14482
5148	14483
5150	14484
5150	14485
5153	14486
5153	14487
5154	14488
5154	14489
5157	14490
5160	14491
5161	14492
5161	14493
5163	14494
5163	14495
5164	14496
5165	14497
5167	14498
5167	14499
5168	14500
5171	14501
5171	14502
5172	14503
5172	14504
5173	14505
5173	14506
5174	14507
5175	14508
5178	14509
5178	14510
5179	14511
5181	14512
5183	14513
5183	14514
5185	14515
5185	14516
5187	14517
5188	14518
5188	14519
5189	14520
5190	14521
5192	14522
5193	14523
5193	14524
5195	14525
5195	14526
5197	14527
5197	14528
5199	14529
5199	14530
5200	14531
5201	14532
5201	14533
5203	14534
5203	14535
5207	14536
5211	14537
5212	14538
5213	14539
5216	14540
5216	14541
5221	14542
5222	14543
5226	14544
5227	14545
5227	14546
5228	14547
5229	14548
5229	14549
5231	14550
5231	14551
5234	14552
5234	14553
5235	14554
5235	14555
5236	14556
5236	14557
5240	14558
5240	14559
5243	14560
5244	14561
5247	14562
5252	14563
5252	14564
5253	14565
5258	14566
5259	14567
5260	14568
5262	14569
5262	14570
5263	14571
5265	14572
5266	14573
5267	14574
5267	14575
5269	14576
5269	14577
5270	14578
5270	14579
5271	14580
5274	14581
5276	14582
5276	14583
5278	14584
5280	14585
5283	14586
5283	14587
5287	14588
5288	14589
5288	14590
5289	14591
5289	14592
5294	14593
5294	14594
5296	14595
5297	14596
5298	14597
5298	14598
5299	14599
5299	14600
5300	14601
5303	14602
5303	14603
5304	14604
5304	14605
5305	14606
5305	14607
5306	14608
5307	14609
5307	14610
5308	14611
5309	14612
5309	14613
5311	14614
5311	14615
5313	14616
5313	14617
5314	14618
5315	14619
5316	14620
5317	14621
5319	14622
5319	14623
5320	14624
5321	14625
5321	14626
5328	14627
5330	14628
5335	14629
5335	14630
5336	14631
5337	14632
5338	14633
5342	14634
5344	14635
5347	14636
5347	14637
5350	14638
5350	14639
5351	14640
5351	14641
5352	14642
5352	14643
5353	14644
5353	14645
5354	14646
5354	14647
5355	14648
5358	14649
5360	14650
5363	14651
5364	14652
5366	14653
5366	14654
5367	14655
5369	14656
5369	14657
5370	14658
5371	14659
5374	14660
5376	14661
5376	14662
5381	14663
5381	14664
5382	14665
5382	14666
5383	14667
5383	14668
5384	14669
5385	14670
5386	14671
5386	14672
5387	14673
5389	14674
5390	14675
5390	14676
5392	14677
5393	14678
5393	14679
5396	14680
5397	14681
5397	14682
5398	14683
5400	14684
5401	14685
5403	14686
5404	14687
5405	14688
5408	14689
5408	14690
5410	14691
5410	14692
5414	14693
5415	14694
5416	14695
5416	14696
5418	14697
5419	14698
5419	14699
5420	14700
5420	14701
5425	14702
5425	14703
5426	14704
5427	14705
5427	14706
5428	14707
5428	14708
5432	14709
5433	14710
5433	14711
5434	14712
5434	14713
5436	14714
5437	14715
5438	14716
5438	14717
5443	14718
5444	14719
5444	14720
5447	14721
5448	14722
5449	14723
5449	14724
5450	14725
5452	14726
5453	14727
5454	14728
5454	14729
5455	14730
5457	14731
5457	14732
5458	14733
5458	14734
5459	14735
5459	14736
5460	14737
5460	14738
5461	14739
5463	14740
5463	14741
5464	14742
5464	14743
5465	14744
5465	14745
5466	14746
5467	14747
5467	14748
5468	14749
5469	14750
5469	14751
5470	14752
5470	14753
5473	14754
5474	14755
5474	14756
5477	14757
5477	14758
5478	14759
5478	14760
5480	14761
5481	14762
5481	14763
5484	14764
5484	14765
5485	14766
5485	14767
5487	14768
5487	14769
5489	14770
5489	14771
5490	14772
5491	14773
5491	14774
5492	14775
5492	14776
5494	14777
5494	14778
5495	14779
5497	14780
5498	14781
5499	14782
5499	14783
5500	14784
5503	14785
5503	14786
5504	14787
5504	14788
5505	14789
5505	14790
5506	14791
5506	14792
5507	14793
5508	14794
5510	14795
5510	14796
5511	14797
5512	14798
5512	14799
5515	14800
5516	14801
5516	14802
5519	14803
5519	14804
5522	14805
5522	14806
5524	14807
5525	14808
5525	14809
5526	14810
5527	14811
5527	14812
5529	14813
5529	14814
5533	14815
5535	14816
5536	14817
5536	14818
5537	14819
5537	14820
5540	14821
5543	14822
5545	14823
5545	14824
5546	14825
5546	14826
5547	14827
5548	14828
5549	14829
5551	14830
5551	14831
5555	14832
5555	14833
5558	14834
5559	14835
5559	14836
5560	14837
5560	14838
5565	14839
5565	14840
5568	14841
5570	14842
5570	14843
5571	14844
5572	14845
5573	14846
5577	14847
5579	14848
5581	14849
5581	14850
5582	14851
5584	14852
5588	14853
5590	14854
5590	14855
5593	14856
5594	14857
5595	14858
5598	14859
5598	14860
5600	14861
5600	14862
5601	14863
5601	14864
5603	14865
5604	14866
5607	14867
5609	14868
5609	14869
5610	14870
5611	14871
5611	14872
5612	14873
5613	14874
5614	14875
5614	14876
5615	14877
5615	14878
5616	14879
5616	14880
5617	14881
5617	14882
5618	14883
5620	14884
5622	14885
5622	14886
5624	14887
5627	14888
5627	14889
5632	14890
5633	14891
5634	14892
5636	14893
5637	14894
5637	14895
5638	14896
5639	14897
5642	14898
5645	14899
5645	14900
5648	14901
5648	14902
5651	14903
5653	14904
5653	14905
5656	14906
5656	14907
5658	14908
5662	14909
5662	14910
5664	14911
5664	14912
5667	14913
5667	14914
5669	14915
5672	14916
5676	14917
5677	14918
5678	14919
5678	14920
5680	14921
5680	14922
5685	14923
5685	14924
5688	14925
5688	14926
5689	14927
5689	14928
5691	14929
5693	14930
5694	14931
5694	14932
5695	14933
5695	14934
5696	14935
5698	14936
5699	14937
5700	14938
5700	14939
5701	14940
5701	14941
5703	14942
5703	14943
5705	14944
5709	14945
5710	14946
5712	14947
5712	14948
5714	14949
5714	14950
5720	14951
5722	14952
5722	14953
5725	14954
5725	14955
5728	14956
5728	14957
5729	14958
5729	14959
5734	14960
5734	14961
5735	14962
5735	14963
5736	14964
5736	14965
5737	14966
5738	14967
5739	14968
5740	14969
5741	14970
5741	14971
5742	14972
5746	14973
5746	14974
5748	14975
5748	14976
5749	14977
5749	14978
5750	14979
5750	14980
5752	14981
5752	14982
5753	14983
5754	14984
5755	14985
5755	14986
5758	14987
5758	14988
5759	14989
5759	14990
5760	14991
5760	14992
5763	14993
5763	14994
5764	14995
5767	14996
5767	14997
5768	14998
5769	14999
5770	15000
5771	15001
5773	15002
5773	15003
5775	15004
5775	15005
5777	15006
5780	15007
5780	15008
5781	15009
5781	15010
5782	15011
5782	15012
5783	15013
5783	15014
5786	15015
5786	15016
5788	15017
5788	15018
5790	15019
5790	15020
5791	15021
5791	15022
5792	15023
5795	15024
5795	15025
5796	15026
5796	15027
5798	15028
5798	15029
5802	15030
5802	15031
5803	15032
5804	15033
5804	15034
5810	15035
5811	15036
5811	15037
5812	15038
5813	15039
5813	15040
5814	15041
5815	15042
5815	15043
5816	15044
5816	15045
5819	15046
5819	15047
5822	15048
5822	15049
5826	15050
5828	15051
5833	15052
5834	15053
5838	15054
5838	15055
5840	15056
5841	15057
5841	15058
5846	15059
5846	15060
5847	15061
5847	15062
5849	15063
5850	15064
5850	15065
5851	15066
5851	15067
5852	15068
5852	15069
5853	15070
5855	15071
5855	15072
5860	15073
5861	15074
5862	15075
5862	15076
5867	15077
5867	15078
5871	15079
5871	15080
5872	15081
5873	15082
5873	15083
5875	15084
5875	15085
5876	15086
5876	15087
5878	15088
5878	15089
5883	15090
5886	15091
5887	15092
5889	15093
5890	15094
5890	15095
5894	15096
5897	15097
5897	15098
5898	15099
5898	15100
5899	15101
5899	15102
5901	15103
5901	15104
5902	15105
5903	15106
5904	15107
5904	15108
5906	15109
5909	15110
5909	15111
5910	15112
5910	15113
5912	15114
5916	15115
5916	15116
5917	15117
5917	15118
5918	15119
5919	15120
5919	15121
5922	15122
5924	15123
5928	15124
5929	15125
5929	15126
5931	15127
5935	15128
5935	15129
5936	15130
5936	15131
5938	15132
5938	15133
5939	15134
5940	15135
5941	15136
5943	15137
5944	15138
5944	15139
5945	15140
5945	15141
5948	15142
5948	15143
5949	15144
5949	15145
5951	15146
5951	15147
5953	15148
5954	15149
5956	15150
5957	15151
5959	15152
5959	15153
5960	15154
5961	15155
5962	15156
5963	15157
5965	15158
5965	15159
5967	15160
5967	15161
5968	15162
5970	15163
5972	15164
5972	15165
5973	15166
5975	15167
5976	15168
5977	15169
5978	15170
5980	15171
5981	15172
5982	15173
5983	15174
5986	15175
5991	15176
5995	15177
5996	15178
5996	15179
5998	15180
5998	15181
5999	15182
6000	15183
6003	15184
6004	15185
6004	15186
6005	15187
6006	15188
6007	15189
6007	15190
6009	15191
6010	15192
6010	15193
6011	15194
6011	15195
6013	15196
6014	15197
6015	15198
6016	15199
6016	15200
6017	15201
6017	15202
6020	15203
6020	15204
6021	15205
6024	15206
6024	15207
6026	15208
6027	15209
6027	15210
6037	15211
6038	15212
6038	15213
6042	15214
6042	15215
6044	15216
6046	15217
6046	15218
6047	15219
6048	15220
6048	15221
6053	15222
6053	15223
6054	15224
6054	15225
6055	15226
6055	15227
6060	15228
6062	15229
6062	15230
6064	15231
6065	15232
6065	15233
6066	15234
6068	15235
6069	15236
6069	15237
6070	15238
6070	15239
6072	15240
6072	15241
6075	15242
6078	15243
6080	15244
6080	15245
6085	15246
6086	15247
6088	15248
6090	15249
6091	15250
6092	15251
6093	15252
6099	15253
6099	15254
6100	15255
6101	15256
6102	15257
6102	15258
6105	15259
6109	15260
6110	15261
6111	15262
6111	15263
6112	15264
6112	15265
6113	15266
6114	15267
6114	15268
6115	15269
6115	15270
6116	15271
6116	15272
6117	15273
6119	15274
6121	15275
6123	15276
6124	15277
6124	15278
6126	15279
6126	15280
6127	15281
6127	15282
6128	15283
6128	15284
6132	15285
6132	15286
6134	15287
6137	15288
6137	15289
6138	15290
6140	15291
6141	15292
6145	15293
6145	15294
6146	15295
6147	15296
6150	15297
6150	15298
6152	15299
6152	15300
6154	15301
6155	15302
6156	15303
6157	15304
6159	15305
6159	15306
6165	15307
6168	15308
6168	15309
6169	15310
6170	15311
6170	15312
6173	15313
6174	15314
6174	15315
6175	15316
6177	15317
6178	15318
6178	15319
6180	15320
6180	15321
6182	15322
6183	15323
6184	15324
6186	15325
6187	15326
6187	15327
6188	15328
6189	15329
6191	15330
6194	15331
6194	15332
6196	15333
6197	15334
6198	15335
6198	15336
6200	15337
6203	15338
6203	15339
6204	15340
6206	15341
6207	15342
6209	15343
6212	15344
6215	15345
6219	15346
6219	15347
6220	15348
6220	15349
6222	15350
6222	15351
6223	15352
6227	15353
6227	15354
6231	15355
6232	15356
6232	15357
6234	15358
6235	15359
6235	15360
6236	15361
6236	15362
6238	15363
6239	15364
6239	15365
6240	15366
6242	15367
6242	15368
6243	15369
6247	15370
6248	15371
6248	15372
6249	15373
6250	15374
6250	15375
6252	15376
6254	15377
6254	15378
6256	15379
6256	15380
6257	15381
6258	15382
6258	15383
6259	15384
6262	15385
6262	15386
6264	15387
6264	15388
6266	15389
6266	15390
6267	15391
6270	15392
6270	15393
6271	15394
6272	15395
6274	15396
6278	15397
6278	15398
6280	15399
6280	15400
6281	15401
6282	15402
6282	15403
6283	15404
6284	15405
6284	15406
6285	15407
6285	15408
6289	15409
6289	15410
6290	15411
6290	15412
6291	15413
6291	15414
6292	15415
6293	15416
6293	15417
6296	15418
6296	15419
6297	15420
6299	15421
6299	15422
6300	15423
6301	15424
6301	15425
6304	15426
6305	15427
6308	15428
6310	15429
6311	15430
6311	15431
6313	15432
6313	15433
6317	15434
6318	15435
6321	15436
6321	15437
6323	15438
6323	15439
6324	15440
6324	15441
6325	15442
6327	15443
6330	15444
6333	15445
6333	15446
6334	15447
6335	15448
6337	15449
6337	15450
6338	15451
6338	15452
6339	15453
6339	15454
6340	15455
6341	15456
6341	15457
6343	15458
6343	15459
6344	15460
6344	15461
6346	15462
6346	15463
6347	15464
6347	15465
6348	15466
6348	15467
6349	15468
6349	15469
6352	15470
6352	15471
6353	15472
6353	15473
6356	15474
6357	15475
6357	15476
6358	15477
6358	15478
6359	15479
6362	15480
6367	15481
6367	15482
6368	15483
6369	15484
6369	15485
6375	15486
6377	15487
6377	15488
6378	15489
6379	15490
6379	15491
6381	15492
6382	15493
6384	15494
6384	15495
6385	15496
6385	15497
6386	15498
6387	15499
6387	15500
6388	15501
6388	15502
6389	15503
6389	15504
6390	15505
6393	15506
6393	15507
6394	15508
6395	15509
6396	15510
6398	15511
6398	15512
6399	15513
6399	15514
6402	15515
6402	15516
6404	15517
6405	15518
6407	15519
6407	15520
6408	15521
6408	15522
6411	15523
6411	15524
6412	15525
6416	15526
6417	15527
6418	15528
6418	15529
6419	15530
6421	15531
6421	15532
6422	15533
6425	15534
6425	15535
6426	15536
6427	15537
6430	15538
6430	15539
6433	15540
6434	15541
6435	15542
6435	15543
6436	15544
6436	15545
6437	15546
6439	15547
6440	15548
6440	15549
6441	15550
6442	15551
6442	15552
6443	15553
6443	15554
6444	15555
6444	15556
6447	15557
6448	15558
6451	15559
6451	15560
6453	15561
6455	15562
6458	15563
6458	15564
6460	15565
6461	15566
6462	15567
6462	15568
6463	15569
6465	15570
6466	15571
6471	15572
6471	15573
6472	15574
6474	15575
6479	15576
6482	15577
6482	15578
6485	15579
6486	15580
6486	15581
6489	15582
6489	15583
6492	15584
6492	15585
6494	15586
6494	15587
6496	15588
6497	15589
6500	15590
6500	15591
6502	15592
6502	15593
6503	15594
6503	15595
6504	15596
6508	15597
6508	15598
6509	15599
6510	15600
6511	15601
6514	15602
6515	15603
6515	15604
6517	15605
6517	15606
6518	15607
6519	15608
6519	15609
6520	15610
6520	15611
6522	15612
6523	15613
6524	15614
6527	15615
6529	15616
6530	15617
6530	15618
6531	15619
6532	15620
6532	15621
6533	15622
6533	15623
6535	15624
6535	15625
6536	15626
6536	15627
6538	15628
6538	15629
6539	15630
6541	15631
6542	15632
6542	15633
6543	15634
6544	15635
6545	15636
6546	15637
6546	15638
6549	15639
6549	15640
6550	15641
6551	15642
6551	15643
6552	15644
6552	15645
6554	15646
6554	15647
6556	15648
6556	15649
6558	15650
6558	15651
6559	15652
6561	15653
6561	15654
6562	15655
6562	15656
6563	15657
6564	15658
6564	15659
6565	15660
6565	15661
6567	15662
6572	15663
6576	15664
6581	15665
6581	15666
6583	15667
6587	15668
6587	15669
6588	15670
6588	15671
6589	15672
6589	15673
6590	15674
6590	15675
6591	15676
6592	15677
6592	15678
6593	15679
6595	15680
6595	15681
6596	15682
6598	15683
6598	15684
6599	15685
6604	15686
6604	15687
6605	15688
6608	15689
6611	15690
6612	15691
6613	15692
6614	15693
6615	15694
6616	15695
6616	15696
6617	15697
6617	15698
6619	15699
6621	15700
6622	15701
6622	15702
6623	15703
6624	15704
6625	15705
6625	15706
6627	15707
6627	15708
6631	15709
6636	15710
6636	15711
6638	15712
6638	15713
6639	15714
6640	15715
6641	15716
6641	15717
6644	15718
6644	15719
6646	15720
6650	15721
6650	15722
6651	15723
6651	15724
6652	15725
6653	15726
6655	15727
6656	15728
6657	15729
6657	15730
6659	15731
6660	15732
6663	15733
6663	15734
6665	15735
6666	15736
6669	15737
6669	15738
6672	15739
6673	15740
6673	15741
6675	15742
6675	15743
6677	15744
6677	15745
6678	15746
6678	15747
6679	15748
6683	15749
6683	15750
6685	15751
6685	15752
6687	15753
6689	15754
6689	15755
6694	15756
6694	15757
6698	15758
6700	15759
6700	15760
6701	15761
6703	15762
6705	15763
6708	15764
6711	15765
6711	15766
6712	15767
6712	15768
6713	15769
6713	15770
6716	15771
6716	15772
6717	15773
6717	15774
6720	15775
6720	15776
6721	15777
6722	15778
6722	15779
6723	15780
6724	15781
6724	15782
6725	15783
6725	15784
6729	15785
6730	15786
6730	15787
6731	15788
6733	15789
6735	15790
6736	15791
6736	15792
6737	15793
6738	15794
6738	15795
6744	15796
6744	15797
6746	15798
6746	15799
6750	15800
6752	15801
6754	15802
6755	15803
6756	15804
6756	15805
6763	15806
6765	15807
6767	15808
6769	15809
6771	15810
6774	15811
6777	15812
6777	15813
6780	15814
6782	15815
6785	15816
6786	15817
6789	15818
6789	15819
6790	15820
6790	15821
6791	15822
6791	15823
6792	15824
6794	15825
6794	15826
6796	15827
6796	15828
6797	15829
6797	15830
6798	15831
6798	15832
6799	15833
6800	15834
6800	15835
6801	15836
6803	15837
6803	15838
6805	15839
6805	15840
6807	15841
6811	15842
6811	15843
6812	15844
6812	15845
6816	15846
6817	15847
6817	15848
6819	15849
6820	15850
6822	15851
6822	15852
6823	15853
6831	15854
6831	15855
6832	15856
6832	15857
6834	15858
6835	15859
6836	15860
6837	15861
6841	15862
6841	15863
6842	15864
6844	15865
6844	15866
6846	15867
6847	15868
6848	15869
6848	15870
6851	15871
6852	15872
6853	15873
6853	15874
6854	15875
6855	15876
6857	15877
6859	15878
6861	15879
6864	15880
6865	15881
6865	15882
6867	15883
6868	15884
6868	15885
6873	15886
6873	15887
6875	15888
6875	15889
6879	15890
6879	15891
6880	15892
6881	15893
6881	15894
6882	15895
6882	15896
6886	15897
6886	15898
6887	15899
6889	15900
6889	15901
6891	15902
6894	15903
6894	15904
6900	15905
6902	15906
6903	15907
6904	15908
6904	15909
6905	15910
6905	15911
6906	15912
6907	15913
6907	15914
6908	15915
6909	15916
6909	15917
6913	15918
6914	15919
6917	15920
6919	15921
6921	15922
6921	15923
6923	15924
6924	15925
6929	15926
6930	15927
6930	15928
6932	15929
6933	15930
6933	15931
6934	15932
6935	15933
6937	15934
6940	15935
6941	15936
6943	15937
6945	15938
6945	15939
6947	15940
6947	15941
6949	15942
6952	15943
6952	15944
6953	15945
6953	15946
6954	15947
6954	15948
6955	15949
6955	15950
6956	15951
6960	15952
6960	15953
6965	15954
6968	15955
6968	15956
6969	15957
6972	15958
6978	15959
6980	15960
6981	15961
6982	15962
6982	15963
6984	15964
6984	15965
6985	15966
6985	15967
6987	15968
6988	15969
6988	15970
6995	15971
6996	15972
6996	15973
6997	15974
7002	15975
7002	15976
7003	15977
7003	15978
7005	15979
7005	15980
7006	15981
7007	15982
7008	15983
7008	15984
7011	15985
7011	15986
7012	15987
7014	15988
7015	15989
7021	15990
7021	15991
7024	15992
7024	15993
7025	15994
7025	15995
7026	15996
7026	15997
7027	15998
7029	15999
7029	16000
7030	16001
7031	16002
7033	16003
7034	16004
7034	16005
7035	16006
7035	16007
7039	16008
7039	16009
7040	16010
7040	16011
7042	16012
7044	16013
7044	16014
7045	16015
7047	16016
7051	16017
7051	16018
7052	16019
7054	16020
7058	16021
7058	16022
7059	16023
7065	16024
7065	16025
7066	16026
7066	16027
7068	16028
7068	16029
7072	16030
7072	16031
7074	16032
7076	16033
7076	16034
7077	16035
7078	16036
7082	16037
7082	16038
7083	16039
7085	16040
7087	16041
7088	16042
7088	16043
7090	16044
7092	16045
7093	16046
7093	16047
7095	16048
7095	16049
7096	16050
7097	16051
7097	16052
7099	16053
7100	16054
7102	16055
7102	16056
7103	16057
7103	16058
7104	16059
7104	16060
7107	16061
7108	16062
7108	16063
7109	16064
7109	16065
7112	16066
7112	16067
7113	16068
7116	16069
7117	16070
7117	16071
7119	16072
7120	16073
7122	16074
7122	16075
7123	16076
7123	16077
7125	16078
7127	16079
7127	16080
7128	16081
7129	16082
7129	16083
7131	16084
7131	16085
7132	16086
7133	16087
7139	16088
7140	16089
7140	16090
7141	16091
7142	16092
7142	16093
7145	16094
7145	16095
7146	16096
7147	16097
7147	16098
7148	16099
7150	16100
7152	16101
7156	16102
7156	16103
7157	16104
7158	16105
7162	16106
7164	16107
7168	16108
7168	16109
7170	16110
7171	16111
7171	16112
7174	16113
7178	16114
7178	16115
7181	16116
7182	16117
7184	16118
7186	16119
7187	16120
7187	16121
7192	16122
7192	16123
7193	16124
7193	16125
7197	16126
7197	16127
7199	16128
7199	16129
7200	16130
7202	16131
7203	16132
7204	16133
7205	16134
7205	16135
7209	16136
7209	16137
7210	16138
7211	16139
7211	16140
7212	16141
7213	16142
7214	16143
7214	16144
7215	16145
7215	16146
7217	16147
7220	16148
7220	16149
7222	16150
7222	16151
7224	16152
7224	16153
7227	16154
7227	16155
7228	16156
7228	16157
7231	16158
7233	16159
7233	16160
7234	16161
7234	16162
7235	16163
7235	16164
7238	16165
7239	16166
7241	16167
7241	16168
7244	16169
7244	16170
7246	16171
7247	16172
7248	16173
7248	16174
7249	16175
7249	16176
7254	16177
7255	16178
7256	16179
7256	16180
7258	16181
7258	16182
7259	16183
7259	16184
7261	16185
7263	16186
7263	16187
7265	16188
7266	16189
7267	16190
7267	16191
7269	16192
7269	16193
7271	16194
7271	16195
7272	16196
7272	16197
7275	16198
7278	16199
7278	16200
7279	16201
7280	16202
7281	16203
7284	16204
7284	16205
7285	16206
7285	16207
7290	16208
7291	16209
7292	16210
7295	16211
7297	16212
7298	16213
7300	16214
7301	16215
7301	16216
7303	16217
7305	16218
7306	16219
7306	16220
7307	16221
7308	16222
7309	16223
7309	16224
7310	16225
7310	16226
7311	16227
7311	16228
7313	16229
7313	16230
7319	16231
7322	16232
7324	16233
7324	16234
7325	16235
7326	16236
7328	16237
7329	16238
7330	16239
7330	16240
7331	16241
7331	16242
7332	16243
7332	16244
7333	16245
7336	16246
7338	16247
7338	16248
7343	16249
7344	16250
7345	16251
7345	16252
7347	16253
7349	16254
7349	16255
7351	16256
7352	16257
7352	16258
7353	16259
7353	16260
7354	16261
7357	16262
7357	16263
7359	16264
7359	16265
7362	16266
7363	16267
7364	16268
7364	16269
7367	16270
7367	16271
7369	16272
7369	16273
7371	16274
7373	16275
7374	16276
7376	16277
7378	16278
7379	16279
7379	16280
7380	16281
7381	16282
7383	16283
7385	16284
7387	16285
7387	16286
7390	16287
7393	16288
7399	16289
7401	16290
7401	16291
7402	16292
7402	16293
7408	16294
7408	16295
7409	16296
7411	16297
7413	16298
7413	16299
7414	16300
7418	16301
7421	16302
7424	16303
7424	16304
7425	16305
7425	16306
7426	16307
7426	16308
7427	16309
7427	16310
7428	16311
7430	16312
7431	16313
7432	16314
7436	16315
7436	16316
7439	16317
7441	16318
7441	16319
7443	16320
7443	16321
7446	16322
7447	16323
7447	16324
7450	16325
7450	16326
7452	16327
7452	16328
7453	16329
7453	16330
7454	16331
7454	16332
7456	16333
7457	16334
7462	16335
7462	16336
7463	16337
7463	16338
7464	16339
7464	16340
7465	16341
7465	16342
7466	16343
7466	16344
7467	16345
7467	16346
7468	16347
7468	16348
7470	16349
7470	16350
7471	16351
7471	16352
7472	16353
7475	16354
7475	16355
7476	16356
7477	16357
7477	16358
7479	16359
7479	16360
7481	16361
7483	16362
7483	16363
7484	16364
7484	16365
7486	16366
7487	16367
7488	16368
7492	16369
7492	16370
7493	16371
7495	16372
7497	16373
7497	16374
7498	16375
7498	16376
7502	16377
7505	16378
7510	16379
7513	16380
7513	16381
7517	16382
7521	16383
7521	16384
7522	16385
7525	16386
7525	16387
7527	16388
7529	16389
7529	16390
7531	16391
7533	16392
7533	16393
7536	16394
7539	16395
7539	16396
7541	16397
7544	16398
7544	16399
7546	16400
7547	16401
7547	16402
7548	16403
7548	16404
7550	16405
7550	16406
7551	16407
7551	16408
7552	16409
7553	16410
7554	16411
7555	16412
7557	16413
7557	16414
7558	16415
7558	16416
7561	16417
7562	16418
7563	16419
7564	16420
7564	16421
7565	16422
7565	16423
7566	16424
7570	16425
7570	16426
7571	16427
7571	16428
7572	16429
7574	16430
7574	16431
7576	16432
7576	16433
7579	16434
7579	16435
7580	16436
7580	16437
7581	16438
7581	16439
7583	16440
7583	16441
7584	16442
7585	16443
7585	16444
7586	16445
7586	16446
7587	16447
7589	16448
7590	16449
7591	16450
7593	16451
7593	16452
7595	16453
7595	16454
7596	16455
7598	16456
7599	16457
7602	16458
7602	16459
7603	16460
7604	16461
7604	16462
7605	16463
7605	16464
7607	16465
7607	16466
7609	16467
7609	16468
7611	16469
7611	16470
7612	16471
7619	16472
7620	16473
7620	16474
7623	16475
7625	16476
7625	16477
7626	16478
7626	16479
7628	16480
7628	16481
7630	16482
7633	16483
7633	16484
7635	16485
7640	16486
7640	16487
7645	16488
7649	16489
7650	16490
7651	16491
7656	16492
7656	16493
7659	16494
7659	16495
7661	16496
7661	16497
7663	16498
7664	16499
7665	16500
7666	16501
7667	16502
7669	16503
7670	16504
7670	16505
7673	16506
7674	16507
7677	16508
7678	16509
7679	16510
7684	16511
7684	16512
7687	16513
7687	16514
7688	16515
7690	16516
7690	16517
7692	16518
7692	16519
7695	16520
7695	16521
7696	16522
7702	16523
7703	16524
7703	16525
7704	16526
7704	16527
7705	16528
7705	16529
7706	16530
7708	16531
7710	16532
7710	16533
7713	16534
7713	16535
7714	16536
7714	16537
7716	16538
7716	16539
7718	16540
7718	16541
7719	16542
7720	16543
7723	16544
7725	16545
7725	16546
7726	16547
7728	16548
7730	16549
7731	16550
7731	16551
7732	16552
7733	16553
7736	16554
7738	16555
7738	16556
7740	16557
7740	16558
7741	16559
7742	16560
7742	16561
7744	16562
7744	16563
7745	16564
7745	16565
7746	16566
7746	16567
7747	16568
7751	16569
7751	16570
7752	16571
7752	16572
7754	16573
7754	16574
7756	16575
7757	16576
7758	16577
7760	16578
7760	16579
7761	16580
7761	16581
7763	16582
7765	16583
7767	16584
7767	16585
7768	16586
7768	16587
7771	16588
7771	16589
7775	16590
7775	16591
7777	16592
7777	16593
7778	16594
7778	16595
7779	16596
7780	16597
7783	16598
7783	16599
7784	16600
7784	16601
7787	16602
7788	16603
7788	16604
7790	16605
7790	16606
7792	16607
7793	16608
7794	16609
7794	16610
7795	16611
7795	16612
7796	16613
7796	16614
7797	16615
7801	16616
7802	16617
7805	16618
7805	16619
7806	16620
7806	16621
7807	16622
7807	16623
7808	16624
7808	16625
7811	16626
7812	16627
7813	16628
7814	16629
7814	16630
7815	16631
7815	16632
7816	16633
7816	16634
7819	16635
7820	16636
7821	16637
7821	16638
7823	16639
7825	16640
7830	16641
7830	16642
7831	16643
7832	16644
7836	16645
7836	16646
7837	16647
7838	16648
7839	16649
7839	16650
7842	16651
7844	16652
7846	16653
7846	16654
7847	16655
7847	16656
7849	16657
7850	16658
7850	16659
7853	16660
7853	16661
7854	16662
7855	16663
7857	16664
7857	16665
7858	16666
7858	16667
7859	16668
7862	16669
7863	16670
7863	16671
7864	16672
7864	16673
7867	16674
7868	16675
7868	16676
7869	16677
7875	16678
7875	16679
7877	16680
7881	16681
7882	16682
7882	16683
7883	16684
7885	16685
7885	16686
7886	16687
7886	16688
7888	16689
7889	16690
7889	16691
7894	16692
7894	16693
7897	16694
7898	16695
7901	16696
7901	16697
7903	16698
7908	16699
7909	16700
7910	16701
7910	16702
7912	16703
7914	16704
7914	16705
7916	16706
7916	16707
7919	16708
7921	16709
7921	16710
7925	16711
7926	16712
7926	16713
7927	16714
7928	16715
7928	16716
7929	16717
7930	16718
7931	16719
7931	16720
7933	16721
7936	16722
7937	16723
7939	16724
7939	16725
7942	16726
7942	16727
7944	16728
7947	16729
7948	16730
7950	16731
7950	16732
7952	16733
7953	16734
7953	16735
7955	16736
7955	16737
7956	16738
7957	16739
7957	16740
7958	16741
7959	16742
7959	16743
7961	16744
7962	16745
7962	16746
7963	16747
7963	16748
7964	16749
7965	16750
7965	16751
7967	16752
7967	16753
7968	16754
7969	16755
7971	16756
7978	16757
7979	16758
7979	16759
7980	16760
7980	16761
7981	16762
7983	16763
7983	16764
7984	16765
7984	16766
7989	16767
7989	16768
7991	16769
7994	16770
7994	16771
7996	16772
7998	16773
8001	16774
8001	16775
8002	16776
8002	16777
8003	16778
8007	16779
8009	16780
8010	16781
8010	16782
8011	16783
8015	16784
8016	16785
8016	16786
8018	16787
8018	16788
8021	16789
8022	16790
8024	16791
8027	16792
8027	16793
8028	16794
8028	16795
8029	16796
8029	16797
8030	16798
8030	16799
8031	16800
8031	16801
8032	16802
8034	16803
8034	16804
8035	16805
8035	16806
8036	16807
8036	16808
8038	16809
8038	16810
8039	16811
8039	16812
8040	16813
8040	16814
8041	16815
8042	16816
8042	16817
8043	16818
8044	16819
8046	16820
8047	16821
8047	16822
8050	16823
8052	16824
8052	16825
8055	16826
8055	16827
8056	16828
8056	16829
8057	16830
8057	16831
8058	16832
8058	16833
8061	16834
8065	16835
8065	16836
8067	16837
8068	16838
8068	16839
8069	16840
8069	16841
8070	16842
8072	16843
8073	16844
8073	16845
8074	16846
8076	16847
8076	16848
8077	16849
8081	16850
8082	16851
8085	16852
8086	16853
8089	16854
8092	16855
8095	16856
8095	16857
8096	16858
8097	16859
8097	16860
8100	16861
8102	16862
8102	16863
8104	16864
8104	16865
8108	16866
8109	16867
8112	16868
8113	16869
8113	16870
8116	16871
8116	16872
8117	16873
8118	16874
8119	16875
8120	16876
8122	16877
8124	16878
8125	16879
8125	16880
8126	16881
8131	16882
8132	16883
8132	16884
8133	16885
8133	16886
8138	16887
8138	16888
8144	16889
8145	16890
8146	16891
8148	16892
8150	16893
8150	16894
8151	16895
8151	16896
8152	16897
8152	16898
8153	16899
8153	16900
8154	16901
8155	16902
8155	16903
8156	16904
8157	16905
8158	16906
8158	16907
8159	16908
8159	16909
8160	16910
8160	16911
8162	16912
8163	16913
8166	16914
8167	16915
8172	16916
8173	16917
8173	16918
8175	16919
8176	16920
8176	16921
8177	16922
8177	16923
8178	16924
8178	16925
8180	16926
8182	16927
8183	16928
8184	16929
8187	16930
8187	16931
8188	16932
8188	16933
8189	16934
8193	16935
8197	16936
8197	16937
8198	16938
8198	16939
8199	16940
8199	16941
8204	16942
8206	16943
8206	16944
8208	16945
8209	16946
8210	16947
8210	16948
8213	16949
8214	16950
8214	16951
8216	16952
8217	16953
8218	16954
8218	16955
8221	16956
8221	16957
8222	16958
8222	16959
8224	16960
8227	16961
8227	16962
8228	16963
8228	16964
8230	16965
8230	16966
8232	16967
8232	16968
8235	16969
8236	16970
8236	16971
8237	16972
8237	16973
8238	16974
8238	16975
8239	16976
8239	16977
8243	16978
8249	16979
8251	16980
8253	16981
8254	16982
8257	16983
8257	16984
8258	16985
8264	16986
8265	16987
8265	16988
8266	16989
8266	16990
8268	16991
8269	16992
8272	16993
8273	16994
8273	16995
8274	16996
8274	16997
8275	16998
8276	16999
8280	17000
8280	17001
8282	17002
8282	17003
8285	17004
8286	17005
8287	17006
8287	17007
8290	17008
8290	17009
8293	17010
8293	17011
8294	17012
8300	17013
8300	17014
8302	17015
8302	17016
8303	17017
8303	17018
8305	17019
8305	17020
8307	17021
8307	17022
8309	17023
8309	17024
8310	17025
8310	17026
8312	17027
8312	17028
8314	17029
8316	17030
8320	17031
8320	17032
8321	17033
8322	17034
8322	17035
8323	17036
8323	17037
8324	17038
8325	17039
8328	17040
8329	17041
8330	17042
8330	17043
8331	17044
8331	17045
8333	17046
8335	17047
8337	17048
8338	17049
8339	17050
8341	17051
8342	17052
8343	17053
8344	17054
8344	17055
8346	17056
8348	17057
8349	17058
8351	17059
8352	17060
8353	17061
8353	17062
8354	17063
8356	17064
8360	17065
8361	17066
8367	17067
8369	17068
8370	17069
8371	17070
8371	17071
8373	17072
8373	17073
8376	17074
8376	17075
8377	17076
8377	17077
8378	17078
8380	17079
8381	17080
8381	17081
8383	17082
8385	17083
8385	17084
8386	17085
8387	17086
8387	17087
8388	17088
8389	17089
8393	17090
8393	17091
8395	17092
8395	17093
8398	17094
8401	17095
8402	17096
8403	17097
8404	17098
8405	17099
8405	17100
8406	17101
8406	17102
8407	17103
8407	17104
8408	17105
8413	17106
8414	17107
8414	17108
8420	17109
8420	17110
8421	17111
8421	17112
8424	17113
8424	17114
8426	17115
8426	17116
8428	17117
8428	17118
8429	17119
8429	17120
8430	17121
8430	17122
8431	17123
8431	17124
8432	17125
8432	17126
8438	17127
8439	17128
8439	17129
8445	17130
8445	17131
8447	17132
8448	17133
8450	17134
8450	17135
8451	17136
8452	17137
8454	17138
8454	17139
8455	17140
8456	17141
8457	17142
8457	17143
8459	17144
8463	17145
8463	17146
8465	17147
8465	17148
8466	17149
8466	17150
8467	17151
8469	17152
8471	17153
8472	17154
8472	17155
8473	17156
8473	17157
8475	17158
8475	17159
8479	17160
8479	17161
8487	17162
8488	17163
8488	17164
8489	17165
8490	17166
8490	17167
8493	17168
8494	17169
8497	17170
8497	17171
8498	17172
8498	17173
8499	17174
8502	17175
8503	17176
8506	17177
8507	17178
8507	17179
8509	17180
8512	17181
8513	17182
8513	17183
8514	17184
8516	17185
8516	17186
8519	17187
8519	17188
8520	17189
8523	17190
8523	17191
8524	17192
8528	17193
8529	17194
8529	17195
8531	17196
8531	17197
8533	17198
8534	17199
8534	17200
8535	17201
8535	17202
8536	17203
8539	17204
8540	17205
8540	17206
8542	17207
8543	17208
8543	17209
8545	17210
8545	17211
8547	17212
8548	17213
8549	17214
8550	17215
8550	17216
8552	17217
8553	17218
8553	17219
8554	17220
8554	17221
8555	17222
8558	17223
8561	17224
8561	17225
8562	17226
8562	17227
8564	17228
8565	17229
8567	17230
8567	17231
8568	17232
8568	17233
8569	17234
8569	17235
8572	17236
8572	17237
8573	17238
8573	17239
8575	17240
8575	17241
8577	17242
8579	17243
8579	17244
8582	17245
8582	17246
8583	17247
8584	17248
8585	17249
8585	17250
8587	17251
8587	17252
8589	17253
8589	17254
8591	17255
8591	17256
8594	17257
8596	17258
8596	17259
8597	17260
8597	17261
8599	17262
8600	17263
8600	17264
8601	17265
8601	17266
8604	17267
8604	17268
8605	17269
8607	17270
8608	17271
8614	17272
8614	17273
8615	17274
8617	17275
8619	17276
8620	17277
8621	17278
8623	17279
8624	17280
8625	17281
8625	17282
8627	17283
8627	17284
8630	17285
8630	17286
8631	17287
8633	17288
8634	17289
8636	17290
8637	17291
8639	17292
8640	17293
8642	17294
8642	17295
8645	17296
8645	17297
8648	17298
8650	17299
8650	17300
8651	17301
8651	17302
8652	17303
8654	17304
8655	17305
8655	17306
8656	17307
8657	17308
8658	17309
8658	17310
8659	17311
8660	17312
8662	17313
8662	17314
8663	17315
8663	17316
8664	17317
8666	17318
8667	17319
8668	17320
8671	17321
8671	17322
8672	17323
8672	17324
8673	17325
8674	17326
8675	17327
8675	17328
8677	17329
8677	17330
8678	17331
8678	17332
8680	17333
8683	17334
8683	17335
8685	17336
8685	17337
8687	17338
8687	17339
8689	17340
8689	17341
8690	17342
8690	17343
8691	17344
8692	17345
8692	17346
8694	17347
8695	17348
8695	17349
8696	17350
8697	17351
8698	17352
8698	17353
8701	17354
8706	17355
8707	17356
8708	17357
8708	17358
8709	17359
8711	17360
8716	17361
8716	17362
8717	17363
8718	17364
8718	17365
8720	17366
8722	17367
8724	17368
8726	17369
8726	17370
8728	17371
8729	17372
8730	17373
8735	17374
8735	17375
8736	17376
8738	17377
8738	17378
8740	17379
8740	17380
8741	17381
8742	17382
8742	17383
8746	17384
8748	17385
8749	17386
8749	17387
8750	17388
8750	17389
8754	17390
8757	17391
8758	17392
8759	17393
8759	17394
8760	17395
8767	17396
8767	17397
8771	17398
8771	17399
8772	17400
8772	17401
8773	17402
8773	17403
8775	17404
8778	17405
8779	17406
8779	17407
8780	17408
8780	17409
8781	17410
8782	17411
8783	17412
8788	17413
8789	17414
8791	17415
8791	17416
8796	17417
8797	17418
8797	17419
8801	17420
8801	17421
8804	17422
8806	17423
8810	17424
8810	17425
8813	17426
8814	17427
8814	17428
8817	17429
8818	17430
8820	17431
8821	17432
8822	17433
8822	17434
8825	17435
8826	17436
8827	17437
8828	17438
8828	17439
8829	17440
8831	17441
8832	17442
8833	17443
8837	17444
8839	17445
8840	17446
8841	17447
8841	17448
8842	17449
8846	17450
8848	17451
8848	17452
8849	17453
8850	17454
8850	17455
8851	17456
8851	17457
8852	17458
8853	17459
8853	17460
8854	17461
8859	17462
8860	17463
8861	17464
8861	17465
8862	17466
8862	17467
8864	17468
8864	17469
8866	17470
8866	17471
8869	17472
8869	17473
8871	17474
8872	17475
8874	17476
8874	17477
8878	17478
8880	17479
8881	17480
8881	17481
8882	17482
8886	17483
8886	17484
8887	17485
8891	17486
8895	17487
8896	17488
8896	17489
8897	17490
8898	17491
8898	17492
8899	17493
8900	17494
8900	17495
8901	17496
8902	17497
8903	17498
8903	17499
8905	17500
8907	17501
8909	17502
8910	17503
8910	17504
8911	17505
8912	17506
8912	17507
8913	17508
8913	17509
8914	17510
8914	17511
8916	17512
8916	17513
8918	17514
8920	17515
8921	17516
8922	17517
8922	17518
8923	17519
8923	17520
8925	17521
8925	17522
8926	17523
8926	17524
8927	17525
8927	17526
8929	17527
8929	17528
8930	17529
8931	17530
8934	17531
8935	17532
8935	17533
8939	17534
8940	17535
8941	17536
8949	17537
8949	17538
8953	17539
8956	17540
8956	17541
8957	17542
8958	17543
8958	17544
8959	17545
8960	17546
8962	17547
8962	17548
8963	17549
8963	17550
8965	17551
8965	17552
8966	17553
8970	17554
8971	17555
8971	17556
8974	17557
8974	17558
8975	17559
8976	17560
8976	17561
8977	17562
8981	17563
8981	17564
8982	17565
8984	17566
8984	17567
8985	17568
8985	17569
8986	17570
8990	17571
8991	17572
8991	17573
8992	17574
8993	17575
8993	17576
8994	17577
8995	17578
8995	17579
8996	17580
8996	17581
8998	17582
8999	17583
9000	17584
9002	17585
9002	17586
9003	17587
9003	17588
9004	17589
9004	17590
9006	17591
9006	17592
9008	17593
9010	17594
9011	17595
9011	17596
9016	17597
9016	17598
9017	17599
9017	17600
9020	17601
9020	17602
9021	17603
9022	17604
9026	17605
9026	17606
9027	17607
9028	17608
9029	17609
9029	17610
9030	17611
9031	17612
9032	17613
9033	17614
9035	17615
9036	17616
9036	17617
9039	17618
9041	17619
9042	17620
9042	17621
9043	17622
9045	17623
9046	17624
9050	17625
9054	17626
9054	17627
9055	17628
9055	17629
9056	17630
9060	17631
9061	17632
9061	17633
9062	17634
9063	17635
9063	17636
9066	17637
9066	17638
9067	17639
9068	17640
9070	17641
9071	17642
9075	17643
9075	17644
9076	17645
9076	17646
9077	17647
9077	17648
9079	17649
9084	17650
9084	17651
9085	17652
9086	17653
9087	17654
9089	17655
9090	17656
9092	17657
9093	17658
9096	17659
9098	17660
9098	17661
9100	17662
9100	17663
9101	17664
9101	17665
9102	17666
9102	17667
9103	17668
9103	17669
9105	17670
9108	17671
9108	17672
9109	17673
9112	17674
9116	17675
9117	17676
9117	17677
9120	17678
9122	17679
9122	17680
9123	17681
9123	17682
9126	17683
9128	17684
9128	17685
9129	17686
9129	17687
9131	17688
9132	17689
9132	17690
9134	17691
9135	17692
9137	17693
9138	17694
9138	17695
9139	17696
9140	17697
9140	17698
9141	17699
9141	17700
9143	17701
9147	17702
9147	17703
9149	17704
9150	17705
9151	17706
9152	17707
9153	17708
9153	17709
9155	17710
9157	17711
9158	17712
9158	17713
9160	17714
9160	17715
9162	17716
9163	17717
9164	17718
9165	17719
9165	17720
9166	17721
9168	17722
9168	17723
9169	17724
9170	17725
9170	17726
9172	17727
9172	17728
9173	17729
9174	17730
9176	17731
9179	17732
9179	17733
9180	17734
9180	17735
9181	17736
9182	17737
9184	17738
9185	17739
9185	17740
9187	17741
9188	17742
9190	17743
9190	17744
9191	17745
9194	17746
9196	17747
9197	17748
9198	17749
9199	17750
9200	17751
9202	17752
9202	17753
9205	17754
9205	17755
9208	17756
9208	17757
9210	17758
9212	17759
9214	17760
9214	17761
9215	17762
9215	17763
9219	17764
9225	17765
9225	17766
9226	17767
9226	17768
9227	17769
9227	17770
9228	17771
9230	17772
9231	17773
9231	17774
9234	17775
9236	17776
9236	17777
9239	17778
9243	17779
9243	17780
9245	17781
9246	17782
9246	17783
9248	17784
9250	17785
9253	17786
9253	17787
9254	17788
9255	17789
9261	17790
9261	17791
9262	17792
9265	17793
9267	17794
9268	17795
9268	17796
9269	17797
9269	17798
9271	17799
9271	17800
9274	17801
9274	17802
9278	17803
9278	17804
9279	17805
9279	17806
9280	17807
9280	17808
9281	17809
9281	17810
9284	17811
9284	17812
9287	17813
9287	17814
9289	17815
9289	17816
9290	17817
9290	17818
9292	17819
9293	17820
9294	17821
9296	17822
9298	17823
9298	17824
9303	17825
9303	17826
9307	17827
9308	17828
9308	17829
9309	17830
9309	17831
9310	17832
9311	17833
9312	17834
9312	17835
9314	17836
9315	17837
9318	17838
9318	17839
9319	17840
9321	17841
9324	17842
9327	17843
9328	17844
9328	17845
9329	17846
9330	17847
9331	17848
9331	17849
9332	17850
9334	17851
9334	17852
9340	17853
9340	17854
9341	17855
9343	17856
9343	17857
9344	17858
9344	17859
9345	17860
9346	17861
9346	17862
9347	17863
9347	17864
9349	17865
9349	17866
9352	17867
9354	17868
9357	17869
9358	17870
9358	17871
9361	17872
9361	17873
9365	17874
9367	17875
9368	17876
9369	17877
9369	17878
9371	17879
9374	17880
9376	17881
9376	17882
9379	17883
9379	17884
9380	17885
9381	17886
9381	17887
9384	17888
9384	17889
9385	17890
9386	17891
9386	17892
9389	17893
9391	17894
9392	17895
9394	17896
9395	17897
9396	17898
9396	17899
9400	17900
9400	17901
9401	17902
9401	17903
9402	17904
9404	17905
9406	17906
9406	17907
9407	17908
9408	17909
9408	17910
9409	17911
9410	17912
9411	17913
9412	17914
9412	17915
9413	17916
9414	17917
9414	17918
9415	17919
9418	17920
9421	17921
9422	17922
9423	17923
9423	17924
9424	17925
9426	17926
9426	17927
9427	17928
9428	17929
9428	17930
9429	17931
9429	17932
9432	17933
9433	17934
9433	17935
9434	17936
9435	17937
9435	17938
9437	17939
9440	17940
9443	17941
9447	17942
9447	17943
9450	17944
9453	17945
9454	17946
9454	17947
9455	17948
9456	17949
9457	17950
9459	17951
9459	17952
9461	17953
9462	17954
9462	17955
9463	17956
9464	17957
9466	17958
9466	17959
9468	17960
9468	17961
9469	17962
9471	17963
9471	17964
9472	17965
9474	17966
9474	17967
9475	17968
9475	17969
9476	17970
9476	17971
9480	17972
9481	17973
9482	17974
9483	17975
9483	17976
9486	17977
9486	17978
9487	17979
9488	17980
9488	17981
9490	17982
9490	17983
9491	17984
9491	17985
9494	17986
9494	17987
9496	17988
9496	17989
9498	17990
9501	17991
9503	17992
9504	17993
9505	17994
9505	17995
9506	17996
9508	17997
9509	17998
9513	17999
9513	18000
9518	18001
9518	18002
9519	18003
9520	18004
9521	18005
9521	18006
9522	18007
9522	18008
9523	18009
9523	18010
9524	18011
9525	18012
9525	18013
9528	18014
9529	18015
9529	18016
9533	18017
9533	18018
9534	18019
9534	18020
9536	18021
9537	18022
9539	18023
9540	18024
9542	18025
9542	18026
9543	18027
9543	18028
9544	18029
9546	18030
9546	18031
9547	18032
9548	18033
9548	18034
9549	18035
9550	18036
9550	18037
9551	18038
9551	18039
9552	18040
9557	18041
9559	18042
9559	18043
9560	18044
9561	18045
9561	18046
9563	18047
9568	18048
9570	18049
9571	18050
9573	18051
9574	18052
9574	18053
9575	18054
9575	18055
9576	18056
9579	18057
9580	18058
9581	18059
9581	18060
9582	18061
9584	18062
9585	18063
9586	18064
9587	18065
9587	18066
9588	18067
9589	18068
9591	18069
9591	18070
9594	18071
9594	18072
9595	18073
9595	18074
9596	18075
9596	18076
9600	18077
9602	18078
9602	18079
9604	18080
9608	18081
9608	18082
9609	18083
9609	18084
9610	18085
9611	18086
9611	18087
9612	18088
9613	18089
9614	18090
9614	18091
9616	18092
9619	18093
9619	18094
9624	18095
9626	18096
9627	18097
9628	18098
9628	18099
9630	18100
9633	18101
9634	18102
9634	18103
9636	18104
9639	18105
9640	18106
9641	18107
9641	18108
9643	18109
9643	18110
9644	18111
9644	18112
9645	18113
9646	18114
9648	18115
9649	18116
9649	18117
9650	18118
9650	18119
9651	18120
9652	18121
9654	18122
9654	18123
9655	18124
9655	18125
9656	18126
9660	18127
9664	18128
9665	18129
9667	18130
9667	18131
9668	18132
9668	18133
9669	18134
9669	18135
9670	18136
9670	18137
9672	18138
9673	18139
9673	18140
9675	18141
9676	18142
9676	18143
9677	18144
9678	18145
9681	18146
9681	18147
9687	18148
9687	18149
9688	18150
9690	18151
9690	18152
9691	18153
9692	18154
9694	18155
9694	18156
9695	18157
9698	18158
9698	18159
9700	18160
9701	18161
9701	18162
9707	18163
9709	18164
9711	18165
9712	18166
9712	18167
9713	18168
9713	18169
9716	18170
9717	18171
9717	18172
9718	18173
9718	18174
9719	18175
9722	18176
9722	18177
9724	18178
9725	18179
9725	18180
9726	18181
9726	18182
9728	18183
9729	18184
9729	18185
9732	18186
9735	18187
9736	18188
9736	18189
9738	18190
9739	18191
9740	18192
9742	18193
9742	18194
9745	18195
9745	18196
9746	18197
9746	18198
9748	18199
9748	18200
9749	18201
9751	18202
9754	18203
9756	18204
9761	18205
9761	18206
9764	18207
9764	18208
9767	18209
9769	18210
9769	18211
9770	18212
9772	18213
9777	18214
9777	18215
9779	18216
9779	18217
9781	18218
9782	18219
9783	18220
9783	18221
9784	18222
9787	18223
9787	18224
9789	18225
9789	18226
9790	18227
9790	18228
9791	18229
9794	18230
9796	18231
9802	18232
9803	18233
9807	18234
9807	18235
9808	18236
9809	18237
9810	18238
9812	18239
9812	18240
9813	18241
9813	18242
9821	18243
9825	18244
9825	18245
9826	18246
9826	18247
9827	18248
9827	18249
9828	18250
9828	18251
9829	18252
9830	18253
9835	18254
9837	18255
9837	18256
9843	18257
9843	18258
9845	18259
9846	18260
9853	18261
9854	18262
9856	18263
9856	18264
9857	18265
9857	18266
9858	18267
9858	18268
9860	18269
9863	18270
9863	18271
9867	18272
9867	18273
9871	18274
9871	18275
9873	18276
9873	18277
9875	18278
9875	18279
9879	18280
9880	18281
9882	18282
9883	18283
9883	18284
9884	18285
9887	18286
9888	18287
9888	18288
9890	18289
9890	18290
9892	18291
9894	18292
9898	18293
9900	18294
9902	18295
9903	18296
9904	18297
9905	18298
9905	18299
9907	18300
9908	18301
9909	18302
9910	18303
9910	18304
9913	18305
9914	18306
9914	18307
9915	18308
9918	18309
9918	18310
9919	18311
9920	18312
9921	18313
9922	18314
9922	18315
9923	18316
9926	18317
9927	18318
9927	18319
9928	18320
9929	18321
9929	18322
9930	18323
9931	18324
9932	18325
9932	18326
9934	18327
9938	18328
9939	18329
9940	18330
9941	18331
9941	18332
9945	18333
9946	18334
9947	18335
9948	18336
9948	18337
9953	18338
9953	18339
9959	18340
9959	18341
9962	18342
9963	18343
9964	18344
9967	18345
9970	18346
9970	18347
9971	18348
9973	18349
9973	18350
9974	18351
9979	18352
9981	18353
9982	18354
9982	18355
9983	18356
9984	18357
9986	18358
9986	18359
9991	18360
9993	18361
9993	18362
9994	18363
9994	18364
9996	18365
9996	18366
9999	18367
9999	18368
10006	18369
10007	18370
10007	18371
10008	18372
10009	18373
10011	18374
10012	18375
10012	18376
10014	18377
10015	18378
10018	18379
10019	18380
10019	18381
10020	18382
10021	18383
10021	18384
10022	18385
10023	18386
10025	18387
10025	18388
10027	18389
10027	18390
10028	18391
10029	18392
10030	18393
10031	18394
10031	18395
10033	18396
10035	18397
10036	18398
10037	18399
10040	18400
10041	18401
10043	18402
10044	18403
10044	18404
10048	18405
10054	18406
10054	18407
10055	18408
10055	18409
10061	18410
10062	18411
10065	18412
10065	18413
10067	18414
10067	18415
10070	18416
10071	18417
10071	18418
10072	18419
10072	18420
10073	18421
10074	18422
10074	18423
10075	18424
10075	18425
10077	18426
10081	18427
10081	18428
10085	18429
10085	18430
10086	18431
10086	18432
10087	18433
10087	18434
10092	18435
10092	18436
10096	18437
10097	18438
10098	18439
10101	18440
10101	18441
10102	18442
10104	18443
10104	18444
10106	18445
10106	18446
10107	18447
10107	18448
10109	18449
10109	18450
10110	18451
10110	18452
10111	18453
10112	18454
10113	18455
10114	18456
10114	18457
10115	18458
10116	18459
10116	18460
10119	18461
10122	18462
10123	18463
10125	18464
10125	18465
10127	18466
10128	18467
10128	18468
10129	18469
10129	18470
10130	18471
10130	18472
10131	18473
10132	18474
10133	18475
10134	18476
10136	18477
10137	18478
10138	18479
10138	18480
10140	18481
10142	18482
10143	18483
10143	18484
10144	18485
10145	18486
10146	18487
10149	18488
10149	18489
10150	18490
10150	18491
10151	18492
10151	18493
10152	18494
10152	18495
10153	18496
10153	18497
10155	18498
10155	18499
10156	18500
10156	18501
10157	18502
10157	18503
10158	18504
10158	18505
10159	18506
10159	18507
10160	18508
10162	18509
10163	18510
10167	18511
10167	18512
10169	18513
10169	18514
10171	18515
10172	18516
10173	18517
10175	18518
10175	18519
10177	18520
10179	18521
10180	18522
10182	18523
10182	18524
10183	18525
10186	18526
10187	18527
10192	18528
10195	18529
10196	18530
10198	18531
10199	18532
10199	18533
10204	18534
10204	18535
10205	18536
10205	18537
10206	18538
10207	18539
10209	18540
10210	18541
10210	18542
10211	18543
10213	18544
10213	18545
10219	18546
10221	18547
10221	18548
10222	18549
10223	18550
10224	18551
10224	18552
10226	18553
10227	18554
10227	18555
10229	18556
10230	18557
10230	18558
10231	18559
10231	18560
10232	18561
10234	18562
10238	18563
10240	18564
10242	18565
10242	18566
10244	18567
10250	18568
10251	18569
10252	18570
10254	18571
10255	18572
10255	18573
10256	18574
10257	18575
10258	18576
10262	18577
10262	18578
10263	18579
10264	18580
10264	18581
10265	18582
10267	18583
10267	18584
10269	18585
10270	18586
10270	18587
10272	18588
10273	18589
10275	18590
10275	18591
10276	18592
10277	18593
10277	18594
10278	18595
10279	18596
10281	18597
10281	18598
10282	18599
10282	18600
10283	18601
10283	18602
10286	18603
10286	18604
10287	18605
10287	18606
10291	18607
10294	18608
10294	18609
10295	18610
10295	18611
10296	18612
10297	18613
10299	18614
10301	18615
10303	18616
10303	18617
10305	18618
10306	18619
10306	18620
10307	18621
10310	18622
10311	18623
10312	18624
10314	18625
10315	18626
10316	18627
10316	18628
10317	18629
10317	18630
10318	18631
10318	18632
10320	18633
10324	18634
10324	18635
10325	18636
10325	18637
10329	18638
10330	18639
10331	18640
10332	18641
10332	18642
10334	18643
10336	18644
10336	18645
10339	18646
10341	18647
10343	18648
10346	18649
10347	18650
10348	18651
10348	18652
10349	18653
10350	18654
10350	18655
10352	18656
10355	18657
10355	18658
10356	18659
10356	18660
10360	18661
10361	18662
10365	18663
10365	18664
10367	18665
10367	18666
10368	18667
10369	18668
10369	18669
10371	18670
10372	18671
10374	18672
10374	18673
10375	18674
10378	18675
10379	18676
10379	18677
10381	18678
10381	18679
10383	18680
10383	18681
10387	18682
10387	18683
10390	18684
10392	18685
10393	18686
10399	18687
10399	18688
10400	18689
10400	18690
10402	18691
10402	18692
10403	18693
10403	18694
10404	18695
10404	18696
10410	18697
10410	18698
10412	18699
10413	18700
10414	18701
10414	18702
10415	18703
10415	18704
10416	18705
10416	18706
10419	18707
10422	18708
10422	18709
10424	18710
10425	18711
10426	18712
10426	18713
10429	18714
10431	18715
10433	18716
10433	18717
10436	18718
10437	18719
10439	18720
10439	18721
10440	18722
10441	18723
10443	18724
10444	18725
10445	18726
10445	18727
10448	18728
10448	18729
10451	18730
10452	18731
10453	18732
10454	18733
10454	18734
10455	18735
10455	18736
10456	18737
10456	18738
10461	18739
10463	18740
10465	18741
10466	18742
10466	18743
10467	18744
10469	18745
10469	18746
10470	18747
10471	18748
10471	18749
10472	18750
10473	18751
10473	18752
10474	18753
10475	18754
10475	18755
10478	18756
10478	18757
10480	18758
10481	18759
10482	18760
10482	18761
10484	18762
10485	18763
10485	18764
10486	18765
10486	18766
10487	18767
10487	18768
